% Coefficient values taken from:
%   http://wavelets.pybytes.com/

Lo_D = [ 
          0.0, ...
          0.0015105430506304422, ...
         -0.0030210861012608843, ...
         -0.012947511862546647, ...
          0.028916109826354178, ...
          0.052998481890690945, ...
         -0.13491307360773608, ...
         -0.16382918343409025, ...
          0.46257144047591658, ...
          0.95164212189717856, ...
          0.46257144047591658, ...
         -0.16382918343409025, ...
         -0.13491307360773608, ...
          0.052998481890690945, ...
          0.028916109826354178, ...
         -0.012947511862546647, ...
         -0.0030210861012608843, ...
          0.0015105430506304422, ...
       ];
Hi_D = [ 
          0.0, ...
          0.0, ...
          0.0, ...
          0.0, ...
          0.0, ...
          0.0, ...
          0.0, ...
          0.35355339059327379, ...
         -0.70710678118654757, ...
          0.35355339059327379, ...
          0.0, ...
          0.0, ...
          0.0, ...
          0.0, ...
          0.0, ...
          0.0, ...
          0.0, ...
          0.0, ...
       ];
Lo_R = [ 
          0.0, ...
          0.0, ...
          0.0, ...
          0.0, ...
          0.0, ...
          0.0, ...
          0.0, ...
          0.35355339059327379, ...
          0.70710678118654757, ...
          0.35355339059327379, ...
          0.0, ...
          0.0, ...
          0.0, ...
          0.0, ...
          0.0, ...
          0.0, ...
          0.0, ...
          0.0, ...
       ];
Hi_R = [ 
          0.0, ...
         -0.0015105430506304422, ...
         -0.0030210861012608843, ...
          0.012947511862546647, ...
          0.028916109826354178, ...
         -0.052998481890690945, ...
         -0.13491307360773608, ...
          0.16382918343409025, ...
          0.46257144047591658, ...
         -0.95164212189717856, ...
          0.46257144047591658, ...
          0.16382918343409025, ...
         -0.13491307360773608, ...
         -0.052998481890690945, ...
          0.028916109826354178, ...
          0.012947511862546647, ...
         -0.0030210861012608843, ...
         -0.0015105430506304422, ...
       ];
