% Coefficient values taken from:
%   http://wavelets.pybytes.com/

Lo_D = [ 
          0.0030210861012608843, ...
         -0.0090632583037826529, ...
         -0.016831765421310641, ...
          0.074663985074019001, ...
          0.031332978707362888, ...
         -0.301159125922835, ...
         -0.026499240945345472, ...
          0.95164212189717856, ...
          0.95164212189717856, ...
         -0.026499240945345472, ...
         -0.301159125922835, ...
          0.031332978707362888, ...
          0.074663985074019001, ...
         -0.016831765421310641, ...
         -0.0090632583037826529, ...
          0.0030210861012608843, ...
       ];
Hi_D = [ 
          0.0, ...
          0.0, ...
          0.0, ...
          0.0, ...
          0.0, ...
          0.0, ...
         -0.17677669529663689, ...
          0.53033008588991071, ...
         -0.53033008588991071, ...
          0.17677669529663689, ...
          0.0, ...
          0.0, ...
          0.0, ...
          0.0, ...
          0.0, ...
          0.0, ...
       ];
Lo_R = [ 
          0.0, ...
          0.0, ...
          0.0, ...
          0.0, ...
          0.0, ...
          0.0, ...
          0.17677669529663689, ...
          0.53033008588991071, ...
          0.53033008588991071, ...
          0.17677669529663689, ...
          0.0, ...
          0.0, ...
          0.0, ...
          0.0, ...
          0.0, ...
          0.0, ...
       ];
Hi_R = [ 
          0.0030210861012608843, ...
          0.0090632583037826529, ...
         -0.016831765421310641, ...
         -0.074663985074019001, ...
          0.031332978707362888, ...
          0.301159125922835, ...
         -0.026499240945345472, ...
         -0.95164212189717856, ...
          0.95164212189717856, ...
          0.026499240945345472, ...
         -0.301159125922835, ...
         -0.031332978707362888, ...
          0.074663985074019001, ...
          0.016831765421310641, ...
         -0.0090632583037826529, ...
         -0.0030210861012608843, ...
       ];
