% Coefficient values taken from:
%   http://wavelets.pybytes.com/

Lo_D = [ 
          0.0, ...
          0.03782845550726404, ...
         -0.023849465019556843, ...
         -0.11062440441843718, ...
          0.37740285561283066, ...
          0.85269867900889385, ...
          0.37740285561283066, ...
         -0.11062440441843718, ...
         -0.023849465019556843, ...
          0.03782845550726404, ...
       ];
Hi_D = [ 
          0.0, ...
         -0.064538882628697058, ...
          0.040689417609164058, ...
          0.41809227322161724, ...
         -0.7884856164055829, ...
          0.41809227322161724, ...
          0.040689417609164058, ...
         -0.064538882628697058, ...
          0.0, ...
          0.0, ...
       ];
Lo_R = [ 
          0.0, ...
         -0.064538882628697058, ...
         -0.040689417609164058, ...
          0.41809227322161724, ...
          0.7884856164055829, ...
          0.41809227322161724, ...
         -0.040689417609164058, ...
         -0.064538882628697058, ...
          0.0, ...
          0.0, ...
       ];
Hi_R = [ 
          0.0, ...
         -0.03782845550726404, ...
         -0.023849465019556843, ...
          0.11062440441843718, ...
          0.37740285561283066, ...
         -0.85269867900889385, ...
          0.37740285561283066, ...
          0.11062440441843718, ...
         -0.023849465019556843, ...
         -0.03782845550726404, ...
       ];
