% Coefficient values taken from:
%   http://wavelets.pybytes.com/

Lo_D = [ 
          0.0, ...
          0.0019088317364812906, ...
         -0.0019142861290887667, ...
         -0.016990639867602342, ...
          0.01193456527972926, ...
          0.04973290349094079, ...
         -0.077263173167204144, ...
         -0.09405920349573646, ...
          0.42079628460982682, ...
          0.82592299745840225, ...
          0.42079628460982682, ...
         -0.09405920349573646, ...
         -0.077263173167204144, ...
          0.04973290349094079, ...
          0.01193456527972926, ...
         -0.016990639867602342, ...
         -0.0019142861290887667, ...
          0.0019088317364812906, ...
       ];
Hi_D = [ 
          0.0, ...
          0.0, ...
          0.0, ...
          0.014426282505624435, ...
         -0.014467504896790148, ...
         -0.078722001062628819, ...
          0.040367979030339923, ...
          0.41784910915027457, ...
         -0.75890772945365415, ...
          0.41784910915027457, ...
          0.040367979030339923, ...
         -0.078722001062628819, ...
         -0.014467504896790148, ...
          0.014426282505624435, ...
          0.0, ...
          0.0, ...
          0.0, ...
          0.0, ...
       ];
Lo_R = [ 
          0.0, ...
          0.0, ...
          0.0, ...
          0.014426282505624435, ...
          0.014467504896790148, ...
         -0.078722001062628819, ...
         -0.040367979030339923, ...
          0.41784910915027457, ...
          0.75890772945365415, ...
          0.41784910915027457, ...
         -0.040367979030339923, ...
         -0.078722001062628819, ...
          0.014467504896790148, ...
          0.014426282505624435, ...
          0.0, ...
          0.0, ...
          0.0, ...
          0.0, ...
       ];
Hi_R = [ 
          0.0, ...
         -0.0019088317364812906, ...
         -0.0019142861290887667, ...
          0.016990639867602342, ...
          0.01193456527972926, ...
         -0.04973290349094079, ...
         -0.077263173167204144, ...
          0.09405920349573646, ...
          0.42079628460982682, ...
         -0.82592299745840225, ...
          0.42079628460982682, ...
          0.09405920349573646, ...
         -0.077263173167204144, ...
         -0.04973290349094079, ...
          0.01193456527972926, ...
          0.016990639867602342, ...
         -0.0019142861290887667, ...
         -0.0019088317364812906, ...
       ];
