% Coefficient values taken from:
%   http://wavelets.pybytes.com/

Lo_D = [ 
          0.066291260736238838, ...
         -0.19887378220871652, ...
         -0.15467960838455727, ...
          0.99436891104358249, ...
          0.99436891104358249, ...
         -0.15467960838455727, ...
         -0.19887378220871652, ...
          0.066291260736238838, ...
       ];
Hi_D = [ 
          0.0, ...
          0.0, ...
         -0.17677669529663689, ...
          0.53033008588991071, ...
         -0.53033008588991071, ...
          0.17677669529663689, ...
          0.0, ...
          0.0, ...
       ];
Lo_R = [ 
          0.0, ...
          0.0, ...
          0.17677669529663689, ...
          0.53033008588991071, ...
          0.53033008588991071, ...
          0.17677669529663689, ...
          0.0, ...
          0.0, ...
       ];
Hi_R = [ 
          0.066291260736238838, ...
          0.19887378220871652, ...
         -0.15467960838455727, ...
         -0.99436891104358249, ...
          0.99436891104358249, ...
          0.15467960838455727, ...
         -0.19887378220871652, ...
         -0.066291260736238838, ...
       ];
