% Coefficient values taken from:
%   http://wavelets.pybytes.com/

Lo_D = [ 
         -0.00067974437278369901, ...
          0.0020392331183510968, ...
          0.0050603192196119811, ...
         -0.020618912641105536, ...
         -0.014112787930175846, ...
          0.09913478249423216, ...
          0.012300136269419315, ...
         -0.32019196836077857, ...
          0.0020500227115698858, ...
          0.94212570067820678, ...
          0.94212570067820678, ...
          0.0020500227115698858, ...
         -0.32019196836077857, ...
          0.012300136269419315, ...
          0.09913478249423216, ...
         -0.014112787930175846, ...
         -0.020618912641105536, ...
          0.0050603192196119811, ...
          0.0020392331183510968, ...
         -0.00067974437278369901, ...
       ];
Hi_D = [ 
          0.0, ...
          0.0, ...
          0.0, ...
          0.0, ...
          0.0, ...
          0.0, ...
          0.0, ...
          0.0, ...
         -0.17677669529663689, ...
          0.53033008588991071, ...
         -0.53033008588991071, ...
          0.17677669529663689, ...
          0.0, ...
          0.0, ...
          0.0, ...
          0.0, ...
          0.0, ...
          0.0, ...
          0.0, ...
          0.0, ...
       ];
Lo_R = [ 
          0.0, ...
          0.0, ...
          0.0, ...
          0.0, ...
          0.0, ...
          0.0, ...
          0.0, ...
          0.0, ...
          0.17677669529663689, ...
          0.53033008588991071, ...
          0.53033008588991071, ...
          0.17677669529663689, ...
          0.0, ...
          0.0, ...
          0.0, ...
          0.0, ...
          0.0, ...
          0.0, ...
          0.0, ...
          0.0, ...
       ];
Hi_R = [ 
         -0.00067974437278369901, ...
         -0.0020392331183510968, ...
          0.0050603192196119811, ...
          0.020618912641105536, ...
         -0.014112787930175846, ...
         -0.09913478249423216, ...
          0.012300136269419315, ...
          0.32019196836077857, ...
          0.0020500227115698858, ...
         -0.94212570067820678, ...
          0.94212570067820678, ...
         -0.0020500227115698858, ...
         -0.32019196836077857, ...
         -0.012300136269419315, ...
          0.09913478249423216, ...
          0.014112787930175846, ...
         -0.020618912641105536, ...
         -0.0050603192196119811, ...
          0.0020392331183510968, ...
          0.00067974437278369901, ...
       ];
