% Coefficient values taken from:
%   http://wavelets.pybytes.com/

Lo_D = [ 
          0.01657281518405971, ...
         -0.01657281518405971, ...
         -0.12153397801643787, ...
          0.12153397801643787, ...
          0.70710678118654757, ...
          0.70710678118654757, ...
          0.12153397801643787, ...
         -0.12153397801643787, ...
         -0.01657281518405971, ...
          0.01657281518405971, ...
       ];
Hi_D = [ 
          0.0, ...
          0.0, ...
          0.0, ...
          0.0, ...
         -0.70710678118654757, ...
          0.70710678118654757, ...
          0.0, ...
          0.0, ...
          0.0, ...
          0.0, ...
       ];
Lo_R = [ 
          0.0, ...
          0.0, ...
          0.0, ...
          0.0, ...
          0.70710678118654757, ...
          0.70710678118654757, ...
          0.0, ...
          0.0, ...
          0.0, ...
          0.0, ...
       ];
Hi_R = [ 
          0.01657281518405971, ...
          0.01657281518405971, ...
         -0.12153397801643787, ...
         -0.12153397801643787, ...
          0.70710678118654757, ...
         -0.70710678118654757, ...
          0.12153397801643787, ...
          0.12153397801643787, ...
         -0.01657281518405971, ...
         -0.01657281518405971, ...
       ];
