% Coefficient values taken from:
%   http://wavelets.pybytes.com/

Lo_D = [ 
          0.0, ...
          0.0, ...
          0.03968708834740544, ...
          0.0079481086372403219, ...
         -0.054463788468236907, ...
          0.34560528195603346, ...
          0.73666018142821055, ...
          0.34560528195603346, ...
         -0.054463788468236907, ...
          0.0079481086372403219, ...
          0.03968708834740544, ...
          0.0, ...
       ];
Hi_D = [ 
         -0.013456709459118716, ...
         -0.0026949668801115071, ...
          0.13670658466432914, ...
         -0.093504697400938863, ...
         -0.47680326579848425, ...
          0.89950610974864842, ...
         -0.47680326579848425, ...
         -0.093504697400938863, ...
          0.13670658466432914, ...
         -0.0026949668801115071, ...
         -0.013456709459118716, ...
          0.0, ...
       ];
Lo_R = [ 
          0.013456709459118716, ...
         -0.0026949668801115071, ...
         -0.13670658466432914, ...
         -0.093504697400938863, ...
          0.47680326579848425, ...
          0.89950610974864842, ...
          0.47680326579848425, ...
         -0.093504697400938863, ...
         -0.13670658466432914, ...
         -0.0026949668801115071, ...
          0.013456709459118716, ...
          0.0, ...
       ];
Hi_R = [ 
          0.0, ...
          0.0, ...
          0.03968708834740544, ...
         -0.0079481086372403219, ...
         -0.054463788468236907, ...
         -0.34560528195603346, ...
          0.73666018142821055, ...
         -0.34560528195603346, ...
         -0.054463788468236907, ...
         -0.0079481086372403219, ...
          0.03968708834740544, ...
          0.0, ...
       ];
