% Coefficient values taken from:
%   http://wavelets.pybytes.com/

Lo_D = [ 
         -0.013810679320049757, ...
          0.041432037960149271, ...
          0.052480581416189075, ...
         -0.26792717880896527, ...
         -0.071815532464258744, ...
          0.96674755240348298, ...
          0.96674755240348298, ...
         -0.071815532464258744, ...
         -0.26792717880896527, ...
          0.052480581416189075, ...
          0.041432037960149271, ...
         -0.013810679320049757, ...
       ];
Hi_D = [ 
          0.0, ...
          0.0, ...
          0.0, ...
          0.0, ...
         -0.17677669529663689, ...
          0.53033008588991071, ...
         -0.53033008588991071, ...
          0.17677669529663689, ...
          0.0, ...
          0.0, ...
          0.0, ...
          0.0, ...
       ];
Lo_R = [ 
          0.0, ...
          0.0, ...
          0.0, ...
          0.0, ...
          0.17677669529663689, ...
          0.53033008588991071, ...
          0.53033008588991071, ...
          0.17677669529663689, ...
          0.0, ...
          0.0, ...
          0.0, ...
          0.0, ...
       ];
Hi_R = [ 
         -0.013810679320049757, ...
         -0.041432037960149271, ...
          0.052480581416189075, ...
          0.26792717880896527, ...
         -0.071815532464258744, ...
         -0.96674755240348298, ...
          0.96674755240348298, ...
          0.071815532464258744, ...
         -0.26792717880896527, ...
         -0.052480581416189075, ...
          0.041432037960149271, ...
          0.013810679320049757, ...
       ];
