% Coefficient values taken from:
%   http://wavelets.pybytes.com/

Lo_D = [ 
         -0.35355339059327379, ...
          1.0606601717798214, ...
          1.0606601717798214, ...
         -0.35355339059327379, ...
       ];
Hi_D = [ 
         -0.17677669529663689, ...
          0.53033008588991071, ...
         -0.53033008588991071, ...
          0.17677669529663689, ...
       ];
Lo_R = [ 
          0.17677669529663689, ...
          0.53033008588991071, ...
          0.53033008588991071, ...
          0.17677669529663689, ...
       ];
Hi_R = [ 
         -0.35355339059327379, ...
         -1.0606601717798214, ...
          1.0606601717798214, ...
          0.35355339059327379, ...
       ];
