% Coefficient values taken from:
%   http://wavelets.pybytes.com/

Lo_D = [ 
         -0.088388347648318447, ...
          0.088388347648318447, ...
          0.70710678118654757, ...
          0.70710678118654757, ...
          0.088388347648318447, ...
         -0.088388347648318447, ...
       ];
Hi_D = [ 
          0.0, ...
          0.0, ...
         -0.70710678118654757, ...
          0.70710678118654757, ...
          0.0, ...
          0.0, ...
       ];
Lo_R = [ 
          0.0, ...
          0.0, ...
          0.70710678118654757, ...
          0.70710678118654757, ...
          0.0, ...
          0.0, ...
       ];
Hi_R = [ 
         -0.088388347648318447, ...
         -0.088388347648318447, ...
          0.70710678118654757, ...
         -0.70710678118654757, ...
          0.088388347648318447, ...
          0.088388347648318447, ...
       ];
