% Coefficient values taken from:
%   http://wavelets.pybytes.com/

Lo_D = [ 
          0.0, ...
          0.033145630368119419, ...
         -0.066291260736238838, ...
         -0.17677669529663689, ...
          0.4198446513295126, ...
          0.99436891104358249, ...
          0.4198446513295126, ...
         -0.17677669529663689, ...
         -0.066291260736238838, ...
          0.033145630368119419, ...
       ];
Hi_D = [ 
          0.0, ...
          0.0, ...
          0.0, ...
          0.35355339059327379, ...
         -0.70710678118654757, ...
          0.35355339059327379, ...
          0.0, ...
          0.0, ...
          0.0, ...
          0.0, ...
       ];
Lo_R = [ 
          0.0, ...
          0.0, ...
          0.0, ...
          0.35355339059327379, ...
          0.70710678118654757, ...
          0.35355339059327379, ...
          0.0, ...
          0.0, ...
          0.0, ...
          0.0, ...
       ];
Hi_R = [ 
          0.0, ...
         -0.033145630368119419, ...
         -0.066291260736238838, ...
          0.17677669529663689, ...
          0.4198446513295126, ...
         -0.99436891104358249, ...
          0.4198446513295126, ...
          0.17677669529663689, ...
         -0.066291260736238838, ...
         -0.033145630368119419, ...
       ];
