% Coefficient values taken from:
%   http://wavelets.pybytes.com/

Lo_D = [ 
          0.70710678118654757, ...
          0.70710678118654757, ...
       ];
Hi_D = [ 
         -0.70710678118654757, ...
          0.70710678118654757, ...
       ];
Lo_R = [ 
          0.70710678118654757, ...
          0.70710678118654757, ...
       ];
Hi_R = [ 
          0.70710678118654757, ...
         -0.70710678118654757, ...
       ];
