% Coefficient values taken from:
%   http://wavelets.pybytes.com/

Lo_D = [ 
          0.0, ...
         -0.17677669529663689, ...
          0.35355339059327379, ...
          1.0606601717798214, ...
          0.35355339059327379, ...
         -0.17677669529663689, ...
       ];
Hi_D = [ 
          0.0, ...
          0.35355339059327379, ...
         -0.70710678118654757, ...
          0.35355339059327379, ...
          0.0, ...
          0.0, ...
       ];
Lo_R = [ 
          0.0, ...
          0.35355339059327379, ...
          0.70710678118654757, ...
          0.35355339059327379, ...
          0.0, ...
          0.0, ...
       ];
Hi_R = [ 
          0.0, ...
          0.17677669529663689, ...
          0.35355339059327379, ...
         -1.0606601717798214, ...
          0.35355339059327379, ...
          0.17677669529663689, ...
       ];
