% Coefficient values taken from:
%   http://wavelets.pybytes.com/

Lo_D = [ 
          0.0, ...
         -0.0069053396600248784, ...
          0.013810679320049757, ...
          0.046956309688169176, ...
         -0.10772329869638811, ...
         -0.16987135563661201, ...
          0.44746600996961211, ...
          0.96674755240348298, ...
          0.44746600996961211, ...
         -0.16987135563661201, ...
         -0.10772329869638811, ...
          0.046956309688169176, ...
          0.013810679320049757, ...
         -0.0069053396600248784, ...
       ];
Hi_D = [ 
          0.0, ...
          0.0, ...
          0.0, ...
          0.0, ...
          0.0, ...
          0.35355339059327379, ...
         -0.70710678118654757, ...
          0.35355339059327379, ...
          0.0, ...
          0.0, ...
          0.0, ...
          0.0, ...
          0.0, ...
          0.0, ...
       ];
Lo_R = [ 
          0.0, ...
          0.0, ...
          0.0, ...
          0.0, ...
          0.0, ...
          0.35355339059327379, ...
          0.70710678118654757, ...
          0.35355339059327379, ...
          0.0, ...
          0.0, ...
          0.0, ...
          0.0, ...
          0.0, ...
          0.0, ...
       ];
Hi_R = [ 
          0.0, ...
          0.0069053396600248784, ...
          0.013810679320049757, ...
         -0.046956309688169176, ...
         -0.10772329869638811, ...
          0.16987135563661201, ...
          0.44746600996961211, ...
         -0.96674755240348298, ...
          0.44746600996961211, ...
          0.16987135563661201, ...
         -0.10772329869638811, ...
         -0.046956309688169176, ...
          0.013810679320049757, ...
          0.0069053396600248784, ...
       ];
