% Coefficient values taken from:
%   http://wavelets.pybytes.com/

Lo_D = [ 
         -9.517657273819165e-008, ...
         -1.6744288576823017e-007, ...
          2.0637618513646814e-006, ...
          3.7346551751414047e-006, ...
         -2.1315026809955787e-005, ...
         -4.1340432272512511e-005, ...
          0.00014054114970203437, ...
          0.00030225958181306315, ...
         -0.00063813134304511142, ...
         -0.0016628637020130838, ...
          0.0024333732126576722, ...
          0.0067641854480530832, ...
         -0.0091642311624818458, ...
         -0.019761778942572639, ...
          0.032683574267111833, ...
          0.041289208750181702, ...
         -0.10557420870333893, ...
         -0.062035963962903569, ...
          0.43799162617183712, ...
          0.77428960365295618, ...
          0.42156620669085149, ...
         -0.052043163176243773, ...
         -0.091920010559696244, ...
          0.02816802897093635, ...
          0.023408156785839195, ...
         -0.010131117519849788, ...
         -0.004159358781386048, ...
          0.0021782363581090178, ...
          0.00035858968789573785, ...
         -0.00021208083980379827, ...
       ];
Hi_D = [ 
          0.00021208083980379827, ...
          0.00035858968789573785, ...
         -0.0021782363581090178, ...
         -0.004159358781386048, ...
          0.010131117519849788, ...
          0.023408156785839195, ...
         -0.02816802897093635, ...
         -0.091920010559696244, ...
          0.052043163176243773, ...
          0.42156620669085149, ...
         -0.77428960365295618, ...
          0.43799162617183712, ...
          0.062035963962903569, ...
         -0.10557420870333893, ...
         -0.041289208750181702, ...
          0.032683574267111833, ...
          0.019761778942572639, ...
         -0.0091642311624818458, ...
         -0.0067641854480530832, ...
          0.0024333732126576722, ...
          0.0016628637020130838, ...
         -0.00063813134304511142, ...
         -0.00030225958181306315, ...
          0.00014054114970203437, ...
          4.1340432272512511e-005, ...
         -2.1315026809955787e-005, ...
         -3.7346551751414047e-006, ...
          2.0637618513646814e-006, ...
          1.6744288576823017e-007, ...
         -9.517657273819165e-008, ...
       ];
Lo_R = [ 
         -0.00021208083980379827, ...
          0.00035858968789573785, ...
          0.0021782363581090178, ...
         -0.004159358781386048, ...
         -0.010131117519849788, ...
          0.023408156785839195, ...
          0.02816802897093635, ...
         -0.091920010559696244, ...
         -0.052043163176243773, ...
          0.42156620669085149, ...
          0.77428960365295618, ...
          0.43799162617183712, ...
         -0.062035963962903569, ...
         -0.10557420870333893, ...
          0.041289208750181702, ...
          0.032683574267111833, ...
         -0.019761778942572639, ...
         -0.0091642311624818458, ...
          0.0067641854480530832, ...
          0.0024333732126576722, ...
         -0.0016628637020130838, ...
         -0.00063813134304511142, ...
          0.00030225958181306315, ...
          0.00014054114970203437, ...
         -4.1340432272512511e-005, ...
         -2.1315026809955787e-005, ...
          3.7346551751414047e-006, ...
          2.0637618513646814e-006, ...
         -1.6744288576823017e-007, ...
         -9.517657273819165e-008, ...
       ];
Hi_R = [ 
         -9.517657273819165e-008, ...
          1.6744288576823017e-007, ...
          2.0637618513646814e-006, ...
         -3.7346551751414047e-006, ...
         -2.1315026809955787e-005, ...
          4.1340432272512511e-005, ...
          0.00014054114970203437, ...
         -0.00030225958181306315, ...
         -0.00063813134304511142, ...
          0.0016628637020130838, ...
          0.0024333732126576722, ...
         -0.0067641854480530832, ...
         -0.0091642311624818458, ...
          0.019761778942572639, ...
          0.032683574267111833, ...
         -0.041289208750181702, ...
         -0.10557420870333893, ...
          0.062035963962903569, ...
          0.43799162617183712, ...
         -0.77428960365295618, ...
          0.42156620669085149, ...
          0.052043163176243773, ...
         -0.091920010559696244, ...
         -0.02816802897093635, ...
          0.023408156785839195, ...
          0.010131117519849788, ...
         -0.004159358781386048, ...
         -0.0021782363581090178, ...
          0.00035858968789573785, ...
          0.00021208083980379827, ...
       ];
