% Coefficient values taken from:
%   http://wavelets.pybytes.com/

Lo_D = [ 
         -0.00072054944536451221, ...
         -0.0018232088707029932, ...
          0.0056114348193944995, ...
          0.023680171946334084, ...
         -0.059434418646456898, ...
         -0.076488599078306393, ...
          0.41700518442169254, ...
          0.81272363544554227, ...
          0.38611006682116222, ...
         -0.067372554721963018, ...
         -0.041464936781759151, ...
          0.016387336463522112, ...
       ];
Hi_D = [ 
         -0.016387336463522112, ...
         -0.041464936781759151, ...
          0.067372554721963018, ...
          0.38611006682116222, ...
         -0.81272363544554227, ...
          0.41700518442169254, ...
          0.076488599078306393, ...
         -0.059434418646456898, ...
         -0.023680171946334084, ...
          0.0056114348193944995, ...
          0.0018232088707029932, ...
         -0.00072054944536451221, ...
       ];
Lo_R = [ 
          0.016387336463522112, ...
         -0.041464936781759151, ...
         -0.067372554721963018, ...
          0.38611006682116222, ...
          0.81272363544554227, ...
          0.41700518442169254, ...
         -0.076488599078306393, ...
         -0.059434418646456898, ...
          0.023680171946334084, ...
          0.0056114348193944995, ...
         -0.0018232088707029932, ...
         -0.00072054944536451221, ...
       ];
Hi_R = [ 
         -0.00072054944536451221, ...
          0.0018232088707029932, ...
          0.0056114348193944995, ...
         -0.023680171946334084, ...
         -0.059434418646456898, ...
          0.076488599078306393, ...
          0.41700518442169254, ...
         -0.81272363544554227, ...
          0.38611006682116222, ...
          0.067372554721963018, ...
         -0.041464936781759151, ...
         -0.016387336463522112, ...
       ];
