% Coefficient values taken from:
%   http://wavelets.pybytes.com/

Lo_D = [ 
         -3.4599772836212559e-005, ...
         -7.0983303138141252e-005, ...
          0.00046621696011288631, ...
          0.0011175187708906016, ...
         -0.0025745176887502236, ...
         -0.0090079761366615805, ...
          0.015880544863615904, ...
          0.034555027573061628, ...
         -0.082301927106885983, ...
         -0.071799821619312018, ...
          0.42848347637761874, ...
          0.79377722262562056, ...
          0.4051769024096169, ...
         -0.061123390002672869, ...
         -0.0657719112818555, ...
          0.023452696141836267, ...
          0.0077825964273254182, ...
         -0.0037935128644910141, ...
       ];
Hi_D = [ 
          0.0037935128644910141, ...
          0.0077825964273254182, ...
         -0.023452696141836267, ...
         -0.0657719112818555, ...
          0.061123390002672869, ...
          0.4051769024096169, ...
         -0.79377722262562056, ...
          0.42848347637761874, ...
          0.071799821619312018, ...
         -0.082301927106885983, ...
         -0.034555027573061628, ...
          0.015880544863615904, ...
          0.0090079761366615805, ...
         -0.0025745176887502236, ...
         -0.0011175187708906016, ...
          0.00046621696011288631, ...
          7.0983303138141252e-005, ...
         -3.4599772836212559e-005, ...
       ];
Lo_R = [ 
         -0.0037935128644910141, ...
          0.0077825964273254182, ...
          0.023452696141836267, ...
         -0.0657719112818555, ...
         -0.061123390002672869, ...
          0.4051769024096169, ...
          0.79377722262562056, ...
          0.42848347637761874, ...
         -0.071799821619312018, ...
         -0.082301927106885983, ...
          0.034555027573061628, ...
          0.015880544863615904, ...
         -0.0090079761366615805, ...
         -0.0025745176887502236, ...
          0.0011175187708906016, ...
          0.00046621696011288631, ...
         -7.0983303138141252e-005, ...
         -3.4599772836212559e-005, ...
       ];
Hi_R = [ 
         -3.4599772836212559e-005, ...
          7.0983303138141252e-005, ...
          0.00046621696011288631, ...
         -0.0011175187708906016, ...
         -0.0025745176887502236, ...
          0.0090079761366615805, ...
          0.015880544863615904, ...
         -0.034555027573061628, ...
         -0.082301927106885983, ...
          0.071799821619312018, ...
          0.42848347637761874, ...
         -0.79377722262562056, ...
          0.4051769024096169, ...
          0.061123390002672869, ...
         -0.0657719112818555, ...
         -0.023452696141836267, ...
          0.0077825964273254182, ...
          0.0037935128644910141, ...
       ];
