% Coefficient values taken from:
%   http://wavelets.pybytes.com/

Lo_D = [ 
         -0.01565572813546454, ...
         -0.072732619512853897, ...
          0.38486484686420286, ...
          0.85257202021225542, ...
          0.33789766245780922, ...
         -0.072732619512853897, ...
       ];
Hi_D = [ 
          0.072732619512853897, ...
          0.33789766245780922, ...
         -0.85257202021225542, ...
          0.38486484686420286, ...
          0.072732619512853897, ...
         -0.01565572813546454, ...
       ];
Lo_R = [ 
         -0.072732619512853897, ...
          0.33789766245780922, ...
          0.85257202021225542, ...
          0.38486484686420286, ...
         -0.072732619512853897, ...
         -0.01565572813546454, ...
       ];
Hi_R = [ 
         -0.01565572813546454, ...
          0.072732619512853897, ...
          0.38486484686420286, ...
         -0.85257202021225542, ...
          0.33789766245780922, ...
          0.072732619512853897, ...
       ];
