% Coefficient values taken from:
%   http://wavelets.pybytes.com/

Lo_D = [ 
         -1.7849850030882614e-006, ...
         -3.2596802368833675e-006, ...
          3.1229875865345646e-005, ...
          6.2339034461007128e-005, ...
         -0.00025997455248771324, ...
         -0.00058902075624433831, ...
          0.0012665619292989445, ...
          0.0037514361572784571, ...
         -0.0056582866866107199, ...
         -0.015211731527946259, ...
          0.025082261844864097, ...
          0.039334427123337491, ...
         -0.096220442033987982, ...
         -0.066627474263425038, ...
          0.4343860564914685, ...
          0.78223893092049901, ...
          0.41530840703043026, ...
         -0.056077313316754807, ...
         -0.081266699680878754, ...
          0.026682300156053072, ...
          0.016068943964776348, ...
         -0.0073461663276420935, ...
         -0.0016294920126017326, ...
          0.00089231366858231456, ...
       ];
Hi_D = [ 
         -0.00089231366858231456, ...
         -0.0016294920126017326, ...
          0.0073461663276420935, ...
          0.016068943964776348, ...
         -0.026682300156053072, ...
         -0.081266699680878754, ...
          0.056077313316754807, ...
          0.41530840703043026, ...
         -0.78223893092049901, ...
          0.4343860564914685, ...
          0.066627474263425038, ...
         -0.096220442033987982, ...
         -0.039334427123337491, ...
          0.025082261844864097, ...
          0.015211731527946259, ...
         -0.0056582866866107199, ...
         -0.0037514361572784571, ...
          0.0012665619292989445, ...
          0.00058902075624433831, ...
         -0.00025997455248771324, ...
         -6.2339034461007128e-005, ...
          3.1229875865345646e-005, ...
          3.2596802368833675e-006, ...
         -1.7849850030882614e-006, ...
       ];
Lo_R = [ 
          0.00089231366858231456, ...
         -0.0016294920126017326, ...
         -0.0073461663276420935, ...
          0.016068943964776348, ...
          0.026682300156053072, ...
         -0.081266699680878754, ...
         -0.056077313316754807, ...
          0.41530840703043026, ...
          0.78223893092049901, ...
          0.4343860564914685, ...
         -0.066627474263425038, ...
         -0.096220442033987982, ...
          0.039334427123337491, ...
          0.025082261844864097, ...
         -0.015211731527946259, ...
         -0.0056582866866107199, ...
          0.0037514361572784571, ...
          0.0012665619292989445, ...
         -0.00058902075624433831, ...
         -0.00025997455248771324, ...
          6.2339034461007128e-005, ...
          3.1229875865345646e-005, ...
         -3.2596802368833675e-006, ...
         -1.7849850030882614e-006, ...
       ];
Hi_R = [ 
         -1.7849850030882614e-006, ...
          3.2596802368833675e-006, ...
          3.1229875865345646e-005, ...
         -6.2339034461007128e-005, ...
         -0.00025997455248771324, ...
          0.00058902075624433831, ...
          0.0012665619292989445, ...
         -0.0037514361572784571, ...
         -0.0056582866866107199, ...
          0.015211731527946259, ...
          0.025082261844864097, ...
         -0.039334427123337491, ...
         -0.096220442033987982, ...
          0.066627474263425038, ...
          0.4343860564914685, ...
         -0.78223893092049901, ...
          0.41530840703043026, ...
          0.056077313316754807, ...
         -0.081266699680878754, ...
         -0.026682300156053072, ...
          0.016068943964776348, ...
          0.0073461663276420935, ...
         -0.0016294920126017326, ...
         -0.00089231366858231456, ...
       ];
