% Coefficient values taken from:
%   http://wavelets.pybytes.com/

Lo_D = [ 
          4.4942742772363519e-006, ...
         -3.4634984186983789e-005, ...
          5.4439074699366381e-005, ...
          0.00024915252355281426, ...
         -0.00089302325066623663, ...
         -0.00030859285881515924, ...
          0.0049284176560587777, ...
         -0.0033408588730145018, ...
         -0.015364820906201324, ...
          0.020840904360180039, ...
          0.031335090219045313, ...
         -0.066438785695020222, ...
         -0.04647995511667613, ...
          0.14981201246638268, ...
          0.066043588196690886, ...
         -0.27423084681792875, ...
         -0.16227524502747828, ...
          0.41196436894789695, ...
          0.68568677491617847, ...
          0.44989976435603013, ...
          0.14406702115061959, ...
          0.018694297761470441, ...
       ];
Hi_D = [ 
         -0.018694297761470441, ...
          0.14406702115061959, ...
         -0.44989976435603013, ...
          0.68568677491617847, ...
         -0.41196436894789695, ...
         -0.16227524502747828, ...
          0.27423084681792875, ...
          0.066043588196690886, ...
         -0.14981201246638268, ...
         -0.04647995511667613, ...
          0.066438785695020222, ...
          0.031335090219045313, ...
         -0.020840904360180039, ...
         -0.015364820906201324, ...
          0.0033408588730145018, ...
          0.0049284176560587777, ...
          0.00030859285881515924, ...
         -0.00089302325066623663, ...
         -0.00024915252355281426, ...
          5.4439074699366381e-005, ...
          3.4634984186983789e-005, ...
          4.4942742772363519e-006, ...
       ];
Lo_R = [ 
          0.018694297761470441, ...
          0.14406702115061959, ...
          0.44989976435603013, ...
          0.68568677491617847, ...
          0.41196436894789695, ...
         -0.16227524502747828, ...
         -0.27423084681792875, ...
          0.066043588196690886, ...
          0.14981201246638268, ...
         -0.04647995511667613, ...
         -0.066438785695020222, ...
          0.031335090219045313, ...
          0.020840904360180039, ...
         -0.015364820906201324, ...
         -0.0033408588730145018, ...
          0.0049284176560587777, ...
         -0.00030859285881515924, ...
         -0.00089302325066623663, ...
          0.00024915252355281426, ...
          5.4439074699366381e-005, ...
         -3.4634984186983789e-005, ...
          4.4942742772363519e-006, ...
       ];
Hi_R = [ 
          4.4942742772363519e-006, ...
          3.4634984186983789e-005, ...
          5.4439074699366381e-005, ...
         -0.00024915252355281426, ...
         -0.00089302325066623663, ...
          0.00030859285881515924, ...
          0.0049284176560587777, ...
          0.0033408588730145018, ...
         -0.015364820906201324, ...
         -0.020840904360180039, ...
          0.031335090219045313, ...
          0.066438785695020222, ...
         -0.04647995511667613, ...
         -0.14981201246638268, ...
          0.066043588196690886, ...
          0.27423084681792875, ...
         -0.16227524502747828, ...
         -0.41196436894789695, ...
          0.68568677491617847, ...
         -0.44989976435603013, ...
          0.14406702115061959, ...
         -0.018694297761470441, ...
       ];
