% Coefficient values taken from:
%   http://wavelets.pybytes.com/

Lo_D = [ 
         -1.5290717580684923e-006, ...
          1.2776952219379579e-005, ...
         -2.4241545757030318e-005, ...
         -8.8504109208203182e-005, ...
          0.00038865306282092672, ...
          6.5451282125215034e-006, ...
         -0.0021795036186277044, ...
          0.0022486072409952287, ...
          0.0067114990087955486, ...
         -0.012840825198299882, ...
         -0.01221864906974642, ...
          0.041546277495087637, ...
          0.010849130255828966, ...
         -0.09643212009649671, ...
          0.0053595696743599965, ...
          0.18247860592758275, ...
         -0.023779257256064865, ...
         -0.31617845375277914, ...
         -0.044763885653777619, ...
          0.51588647842780067, ...
          0.65719872257929113, ...
          0.37735513521420411, ...
          0.10956627282118277, ...
          0.013112257957229239, ...
       ];
Hi_D = [ 
         -0.013112257957229239, ...
          0.10956627282118277, ...
         -0.37735513521420411, ...
          0.65719872257929113, ...
         -0.51588647842780067, ...
         -0.044763885653777619, ...
          0.31617845375277914, ...
         -0.023779257256064865, ...
         -0.18247860592758275, ...
          0.0053595696743599965, ...
          0.09643212009649671, ...
          0.010849130255828966, ...
         -0.041546277495087637, ...
         -0.01221864906974642, ...
          0.012840825198299882, ...
          0.0067114990087955486, ...
         -0.0022486072409952287, ...
         -0.0021795036186277044, ...
         -6.5451282125215034e-006, ...
          0.00038865306282092672, ...
          8.8504109208203182e-005, ...
         -2.4241545757030318e-005, ...
         -1.2776952219379579e-005, ...
         -1.5290717580684923e-006, ...
       ];
Lo_R = [ 
          0.013112257957229239, ...
          0.10956627282118277, ...
          0.37735513521420411, ...
          0.65719872257929113, ...
          0.51588647842780067, ...
         -0.044763885653777619, ...
         -0.31617845375277914, ...
         -0.023779257256064865, ...
          0.18247860592758275, ...
          0.0053595696743599965, ...
         -0.09643212009649671, ...
          0.010849130255828966, ...
          0.041546277495087637, ...
         -0.01221864906974642, ...
         -0.012840825198299882, ...
          0.0067114990087955486, ...
          0.0022486072409952287, ...
         -0.0021795036186277044, ...
          6.5451282125215034e-006, ...
          0.00038865306282092672, ...
         -8.8504109208203182e-005, ...
         -2.4241545757030318e-005, ...
          1.2776952219379579e-005, ...
         -1.5290717580684923e-006, ...
       ];
Hi_R = [ 
         -1.5290717580684923e-006, ...
         -1.2776952219379579e-005, ...
         -2.4241545757030318e-005, ...
          8.8504109208203182e-005, ...
          0.00038865306282092672, ...
         -6.5451282125215034e-006, ...
         -0.0021795036186277044, ...
         -0.0022486072409952287, ...
          0.0067114990087955486, ...
          0.012840825198299882, ...
         -0.01221864906974642, ...
         -0.041546277495087637, ...
          0.010849130255828966, ...
          0.09643212009649671, ...
          0.0053595696743599965, ...
         -0.18247860592758275, ...
         -0.023779257256064865, ...
          0.31617845375277914, ...
         -0.044763885653777619, ...
         -0.51588647842780067, ...
          0.65719872257929113, ...
         -0.37735513521420411, ...
          0.10956627282118277, ...
         -0.013112257957229239, ...
       ];
