% Coefficient values taken from:
%   http://wavelets.pybytes.com/

Lo_D = [ 
          5.2200350984547998e-007, ...
         -4.7004164793608082e-006, ...
          1.0441930571407941e-005, ...
          3.0678537579324358e-005, ...
         -0.00016512898855650571, ...
          4.9251525126285676e-005, ...
          0.00093232613086724904, ...
         -0.0013156739118922766, ...
         -0.002761911234656831, ...
          0.0072555894016171187, ...
          0.0039239414487955773, ...
         -0.023831420710327809, ...
          0.0023799722540522269, ...
          0.056139477100276156, ...
         -0.026488406475345658, ...
         -0.10580761818792761, ...
          0.072948933656788742, ...
          0.17947607942935084, ...
         -0.12457673075080665, ...
         -0.31497290771138414, ...
          0.086985726179645007, ...
          0.58888957043121193, ...
          0.61105585115878114, ...
          0.31199632216043488, ...
          0.082861243872901946, ...
          0.0092021335389622788, ...
       ];
Hi_D = [ 
         -0.0092021335389622788, ...
          0.082861243872901946, ...
         -0.31199632216043488, ...
          0.61105585115878114, ...
         -0.58888957043121193, ...
          0.086985726179645007, ...
          0.31497290771138414, ...
         -0.12457673075080665, ...
         -0.17947607942935084, ...
          0.072948933656788742, ...
          0.10580761818792761, ...
         -0.026488406475345658, ...
         -0.056139477100276156, ...
          0.0023799722540522269, ...
          0.023831420710327809, ...
          0.0039239414487955773, ...
         -0.0072555894016171187, ...
         -0.002761911234656831, ...
          0.0013156739118922766, ...
          0.00093232613086724904, ...
         -4.9251525126285676e-005, ...
         -0.00016512898855650571, ...
         -3.0678537579324358e-005, ...
          1.0441930571407941e-005, ...
          4.7004164793608082e-006, ...
          5.2200350984547998e-007, ...
       ];
Lo_R = [ 
          0.0092021335389622788, ...
          0.082861243872901946, ...
          0.31199632216043488, ...
          0.61105585115878114, ...
          0.58888957043121193, ...
          0.086985726179645007, ...
         -0.31497290771138414, ...
         -0.12457673075080665, ...
          0.17947607942935084, ...
          0.072948933656788742, ...
         -0.10580761818792761, ...
         -0.026488406475345658, ...
          0.056139477100276156, ...
          0.0023799722540522269, ...
         -0.023831420710327809, ...
          0.0039239414487955773, ...
          0.0072555894016171187, ...
         -0.002761911234656831, ...
         -0.0013156739118922766, ...
          0.00093232613086724904, ...
          4.9251525126285676e-005, ...
         -0.00016512898855650571, ...
          3.0678537579324358e-005, ...
          1.0441930571407941e-005, ...
         -4.7004164793608082e-006, ...
          5.2200350984547998e-007, ...
       ];
Hi_R = [ 
          5.2200350984547998e-007, ...
          4.7004164793608082e-006, ...
          1.0441930571407941e-005, ...
         -3.0678537579324358e-005, ...
         -0.00016512898855650571, ...
         -4.9251525126285676e-005, ...
          0.00093232613086724904, ...
          0.0013156739118922766, ...
         -0.002761911234656831, ...
         -0.0072555894016171187, ...
          0.0039239414487955773, ...
          0.023831420710327809, ...
          0.0023799722540522269, ...
         -0.056139477100276156, ...
         -0.026488406475345658, ...
          0.10580761818792761, ...
          0.072948933656788742, ...
         -0.17947607942935084, ...
         -0.12457673075080665, ...
          0.31497290771138414, ...
          0.086985726179645007, ...
         -0.58888957043121193, ...
          0.61105585115878114, ...
         -0.31199632216043488, ...
          0.082861243872901946, ...
         -0.0092021335389622788, ...
       ];
