% Coefficient values taken from:
%   http://wavelets.pybytes.com/

Lo_D = [ 
         -1.7871399683109222e-007, ...
          1.7249946753674012e-006, ...
         -4.3897049017804176e-006, ...
         -1.0337209184568496e-005, ...
          6.875504252695734e-005, ...
         -4.1777245770370672e-005, ...
         -0.00038683194731287514, ...
          0.00070802115423540481, ...
          0.001061691085606874, ...
         -0.003849638868019787, ...
         -0.00074621898926387534, ...
          0.012789493266340071, ...
         -0.0056150495303375755, ...
         -0.030185351540353976, ...
          0.026981408307947971, ...
          0.05523712625925082, ...
         -0.071548955503983505, ...
         -0.086748411568110598, ...
          0.13998901658445695, ...
          0.13839521386479153, ...
         -0.21803352999321651, ...
         -0.27168855227867705, ...
          0.21867068775886594, ...
          0.63118784910471981, ...
          0.55430561794077093, ...
          0.25485026779256437, ...
          0.062364758849384874, ...
          0.0064611534600864905, ...
       ];
Hi_D = [ 
         -0.0064611534600864905, ...
          0.062364758849384874, ...
         -0.25485026779256437, ...
          0.55430561794077093, ...
         -0.63118784910471981, ...
          0.21867068775886594, ...
          0.27168855227867705, ...
         -0.21803352999321651, ...
         -0.13839521386479153, ...
          0.13998901658445695, ...
          0.086748411568110598, ...
         -0.071548955503983505, ...
         -0.05523712625925082, ...
          0.026981408307947971, ...
          0.030185351540353976, ...
         -0.0056150495303375755, ...
         -0.012789493266340071, ...
         -0.00074621898926387534, ...
          0.003849638868019787, ...
          0.001061691085606874, ...
         -0.00070802115423540481, ...
         -0.00038683194731287514, ...
          4.1777245770370672e-005, ...
          6.875504252695734e-005, ...
          1.0337209184568496e-005, ...
         -4.3897049017804176e-006, ...
         -1.7249946753674012e-006, ...
         -1.7871399683109222e-007, ...
       ];
Lo_R = [ 
          0.0064611534600864905, ...
          0.062364758849384874, ...
          0.25485026779256437, ...
          0.55430561794077093, ...
          0.63118784910471981, ...
          0.21867068775886594, ...
         -0.27168855227867705, ...
         -0.21803352999321651, ...
          0.13839521386479153, ...
          0.13998901658445695, ...
         -0.086748411568110598, ...
         -0.071548955503983505, ...
          0.05523712625925082, ...
          0.026981408307947971, ...
         -0.030185351540353976, ...
         -0.0056150495303375755, ...
          0.012789493266340071, ...
         -0.00074621898926387534, ...
         -0.003849638868019787, ...
          0.001061691085606874, ...
          0.00070802115423540481, ...
         -0.00038683194731287514, ...
         -4.1777245770370672e-005, ...
          6.875504252695734e-005, ...
         -1.0337209184568496e-005, ...
         -4.3897049017804176e-006, ...
          1.7249946753674012e-006, ...
         -1.7871399683109222e-007, ...
       ];
Hi_R = [ 
         -1.7871399683109222e-007, ...
         -1.7249946753674012e-006, ...
         -4.3897049017804176e-006, ...
          1.0337209184568496e-005, ...
          6.875504252695734e-005, ...
          4.1777245770370672e-005, ...
         -0.00038683194731287514, ...
         -0.00070802115423540481, ...
          0.001061691085606874, ...
          0.003849638868019787, ...
         -0.00074621898926387534, ...
         -0.012789493266340071, ...
         -0.0056150495303375755, ...
          0.030185351540353976, ...
          0.026981408307947971, ...
         -0.05523712625925082, ...
         -0.071548955503983505, ...
          0.086748411568110598, ...
          0.13998901658445695, ...
         -0.13839521386479153, ...
         -0.21803352999321651, ...
          0.27168855227867705, ...
          0.21867068775886594, ...
         -0.63118784910471981, ...
          0.55430561794077093, ...
         -0.25485026779256437, ...
          0.062364758849384874, ...
         -0.0064611534600864905, ...
       ];
