% Coefficient values taken from:
%   http://wavelets.pybytes.com/

Lo_D = [ 
          6.1333599133037138e-008, ...
         -6.3168823258794506e-007, ...
          1.8112704079399406e-006, ...
          3.3629871817363823e-006, ...
         -2.8133296266037558e-005, ...
          2.579269915531323e-005, ...
          0.00015589648992055726, ...
         -0.00035956524436229364, ...
         -0.00037348235413726472, ...
          0.0019433239803823459, ...
         -0.00024175649075894543, ...
         -0.0064877345603061454, ...
          0.0051010003604228726, ...
          0.015083918027862582, ...
         -0.020810050169636805, ...
         -0.025767007328366939, ...
          0.054780550584559995, ...
          0.033877143923563204, ...
         -0.11112093603713753, ...
         -0.039666176555733602, ...
          0.19014671400708816, ...
          0.065282952848765688, ...
         -0.28888259656686216, ...
         -0.19320413960907623, ...
          0.33900253545462167, ...
          0.64581314035721027, ...
          0.49263177170797529, ...
          0.20602386398692688, ...
          0.046743394892750617, ...
          0.0045385373615773762, ...
       ];
Hi_D = [ 
         -0.0045385373615773762, ...
          0.046743394892750617, ...
         -0.20602386398692688, ...
          0.49263177170797529, ...
         -0.64581314035721027, ...
          0.33900253545462167, ...
          0.19320413960907623, ...
         -0.28888259656686216, ...
         -0.065282952848765688, ...
          0.19014671400708816, ...
          0.039666176555733602, ...
         -0.11112093603713753, ...
         -0.033877143923563204, ...
          0.054780550584559995, ...
          0.025767007328366939, ...
         -0.020810050169636805, ...
         -0.015083918027862582, ...
          0.0051010003604228726, ...
          0.0064877345603061454, ...
         -0.00024175649075894543, ...
         -0.0019433239803823459, ...
         -0.00037348235413726472, ...
          0.00035956524436229364, ...
          0.00015589648992055726, ...
         -2.579269915531323e-005, ...
         -2.8133296266037558e-005, ...
         -3.3629871817363823e-006, ...
          1.8112704079399406e-006, ...
          6.3168823258794506e-007, ...
          6.1333599133037138e-008, ...
       ];
Lo_R = [ 
          0.0045385373615773762, ...
          0.046743394892750617, ...
          0.20602386398692688, ...
          0.49263177170797529, ...
          0.64581314035721027, ...
          0.33900253545462167, ...
         -0.19320413960907623, ...
         -0.28888259656686216, ...
          0.065282952848765688, ...
          0.19014671400708816, ...
         -0.039666176555733602, ...
         -0.11112093603713753, ...
          0.033877143923563204, ...
          0.054780550584559995, ...
         -0.025767007328366939, ...
         -0.020810050169636805, ...
          0.015083918027862582, ...
          0.0051010003604228726, ...
         -0.0064877345603061454, ...
         -0.00024175649075894543, ...
          0.0019433239803823459, ...
         -0.00037348235413726472, ...
         -0.00035956524436229364, ...
          0.00015589648992055726, ...
          2.579269915531323e-005, ...
         -2.8133296266037558e-005, ...
          3.3629871817363823e-006, ...
          1.8112704079399406e-006, ...
         -6.3168823258794506e-007, ...
          6.1333599133037138e-008, ...
       ];
Hi_R = [ 
          6.1333599133037138e-008, ...
          6.3168823258794506e-007, ...
          1.8112704079399406e-006, ...
         -3.3629871817363823e-006, ...
         -2.8133296266037558e-005, ...
         -2.579269915531323e-005, ...
          0.00015589648992055726, ...
          0.00035956524436229364, ...
         -0.00037348235413726472, ...
         -0.0019433239803823459, ...
         -0.00024175649075894543, ...
          0.0064877345603061454, ...
          0.0051010003604228726, ...
         -0.015083918027862582, ...
         -0.020810050169636805, ...
          0.025767007328366939, ...
          0.054780550584559995, ...
         -0.033877143923563204, ...
         -0.11112093603713753, ...
          0.039666176555733602, ...
          0.19014671400708816, ...
         -0.065282952848765688, ...
         -0.28888259656686216, ...
          0.19320413960907623, ...
          0.33900253545462167, ...
         -0.64581314035721027, ...
          0.49263177170797529, ...
         -0.20602386398692688, ...
          0.046743394892750617, ...
         -0.0045385373615773762, ...
       ];
