% Coefficient values taken from:
%   http://wavelets.pybytes.com/

Lo_D = [ 
         -2.1093396300980412e-008, ...
          2.3087840868545578e-007, ...
         -7.3636567854418147e-007, ...
         -1.0435713423102517e-006, ...
          1.133660866126152e-005, ...
         -1.394566898819319e-005, ...
         -6.103596621404321e-005, ...
          0.00017478724522506327, ...
          0.00011424152003843815, ...
         -0.00094102174935854332, ...
          0.00040789698084934395, ...
          0.00312802338120381, ...
         -0.0036442796214883506, ...
         -0.0069900145633907508, ...
          0.013993768859843242, ...
          0.010297659641009963, ...
         -0.036888397691556774, ...
         -0.0075889743686425939, ...
          0.075924236044457791, ...
         -0.0062397227521562536, ...
         -0.13238830556335474, ...
          0.027340263752899923, ...
          0.21119069394696974, ...
         -0.02791820813292813, ...
         -0.32706331052747578, ...
         -0.089751089402363524, ...
          0.44029025688580486, ...
          0.63735633208298326, ...
          0.43031272284545874, ...
          0.1650642834886438, ...
          0.034907714323629047, ...
          0.0031892209253436892, ...
       ];
Hi_D = [ 
         -0.0031892209253436892, ...
          0.034907714323629047, ...
         -0.1650642834886438, ...
          0.43031272284545874, ...
         -0.63735633208298326, ...
          0.44029025688580486, ...
          0.089751089402363524, ...
         -0.32706331052747578, ...
          0.02791820813292813, ...
          0.21119069394696974, ...
         -0.027340263752899923, ...
         -0.13238830556335474, ...
          0.0062397227521562536, ...
          0.075924236044457791, ...
          0.0075889743686425939, ...
         -0.036888397691556774, ...
         -0.010297659641009963, ...
          0.013993768859843242, ...
          0.0069900145633907508, ...
         -0.0036442796214883506, ...
         -0.00312802338120381, ...
          0.00040789698084934395, ...
          0.00094102174935854332, ...
          0.00011424152003843815, ...
         -0.00017478724522506327, ...
         -6.103596621404321e-005, ...
          1.394566898819319e-005, ...
          1.133660866126152e-005, ...
          1.0435713423102517e-006, ...
         -7.3636567854418147e-007, ...
         -2.3087840868545578e-007, ...
         -2.1093396300980412e-008, ...
       ];
Lo_R = [ 
          0.0031892209253436892, ...
          0.034907714323629047, ...
          0.1650642834886438, ...
          0.43031272284545874, ...
          0.63735633208298326, ...
          0.44029025688580486, ...
         -0.089751089402363524, ...
         -0.32706331052747578, ...
         -0.02791820813292813, ...
          0.21119069394696974, ...
          0.027340263752899923, ...
         -0.13238830556335474, ...
         -0.0062397227521562536, ...
          0.075924236044457791, ...
         -0.0075889743686425939, ...
         -0.036888397691556774, ...
          0.010297659641009963, ...
          0.013993768859843242, ...
         -0.0069900145633907508, ...
         -0.0036442796214883506, ...
          0.00312802338120381, ...
          0.00040789698084934395, ...
         -0.00094102174935854332, ...
          0.00011424152003843815, ...
          0.00017478724522506327, ...
         -6.103596621404321e-005, ...
         -1.394566898819319e-005, ...
          1.133660866126152e-005, ...
         -1.0435713423102517e-006, ...
         -7.3636567854418147e-007, ...
          2.3087840868545578e-007, ...
         -2.1093396300980412e-008, ...
       ];
Hi_R = [ 
         -2.1093396300980412e-008, ...
         -2.3087840868545578e-007, ...
         -7.3636567854418147e-007, ...
          1.0435713423102517e-006, ...
          1.133660866126152e-005, ...
          1.394566898819319e-005, ...
         -6.103596621404321e-005, ...
         -0.00017478724522506327, ...
          0.00011424152003843815, ...
          0.00094102174935854332, ...
          0.00040789698084934395, ...
         -0.00312802338120381, ...
         -0.0036442796214883506, ...
          0.0069900145633907508, ...
          0.013993768859843242, ...
         -0.010297659641009963, ...
         -0.036888397691556774, ...
          0.0075889743686425939, ...
          0.075924236044457791, ...
          0.0062397227521562536, ...
         -0.13238830556335474, ...
         -0.027340263752899923, ...
          0.21119069394696974, ...
          0.02791820813292813, ...
         -0.32706331052747578, ...
          0.089751089402363524, ...
          0.44029025688580486, ...
         -0.63735633208298326, ...
          0.43031272284545874, ...
         -0.1650642834886438, ...
          0.034907714323629047, ...
         -0.0031892209253436892, ...
       ];
