% Coefficient values taken from:
%   http://wavelets.pybytes.com/

Lo_D = [ 
          7.2674929685663697e-009, ...
         -8.4239484460081536e-008, ...
          2.9577009333187617e-007, ...
          3.0165496099963414e-007, ...
         -4.5059424772259631e-006, ...
          6.9906009850812941e-006, ...
          2.3186813798761639e-005, ...
         -8.2048032024582121e-005, ...
         -2.5610109566546042e-005, ...
          0.00043946542776894542, ...
         -0.00032813251941022427, ...
         -0.001436845304805, ...
          0.0023012052421511474, ...
          0.0029679966915180638, ...
         -0.0086029215203478147, ...
         -0.0030429899813869555, ...
          0.022733676583919053, ...
         -0.0032709555358783646, ...
         -0.046922438389378908, ...
          0.022312336178011833, ...
          0.081105986654080822, ...
         -0.057091419631858077, ...
         -0.12681569177849797, ...
          0.10113548917744287, ...
          0.19731058956508457, ...
         -0.12659975221599248, ...
         -0.32832074836418546, ...
          0.027314970403312946, ...
          0.5183157640572823, ...
          0.61099661568502728, ...
          0.37035072415288578, ...
          0.13121490330791097, ...
          0.025985393703623173, ...
          0.0022418070010387899, ...
       ];
Hi_D = [ 
         -0.0022418070010387899, ...
          0.025985393703623173, ...
         -0.13121490330791097, ...
          0.37035072415288578, ...
         -0.61099661568502728, ...
          0.5183157640572823, ...
         -0.027314970403312946, ...
         -0.32832074836418546, ...
          0.12659975221599248, ...
          0.19731058956508457, ...
         -0.10113548917744287, ...
         -0.12681569177849797, ...
          0.057091419631858077, ...
          0.081105986654080822, ...
         -0.022312336178011833, ...
         -0.046922438389378908, ...
          0.0032709555358783646, ...
          0.022733676583919053, ...
          0.0030429899813869555, ...
         -0.0086029215203478147, ...
         -0.0029679966915180638, ...
          0.0023012052421511474, ...
          0.001436845304805, ...
         -0.00032813251941022427, ...
         -0.00043946542776894542, ...
         -2.5610109566546042e-005, ...
          8.2048032024582121e-005, ...
          2.3186813798761639e-005, ...
         -6.9906009850812941e-006, ...
         -4.5059424772259631e-006, ...
         -3.0165496099963414e-007, ...
          2.9577009333187617e-007, ...
          8.4239484460081536e-008, ...
          7.2674929685663697e-009, ...
       ];
Lo_R = [ 
          0.0022418070010387899, ...
          0.025985393703623173, ...
          0.13121490330791097, ...
          0.37035072415288578, ...
          0.61099661568502728, ...
          0.5183157640572823, ...
          0.027314970403312946, ...
         -0.32832074836418546, ...
         -0.12659975221599248, ...
          0.19731058956508457, ...
          0.10113548917744287, ...
         -0.12681569177849797, ...
         -0.057091419631858077, ...
          0.081105986654080822, ...
          0.022312336178011833, ...
         -0.046922438389378908, ...
         -0.0032709555358783646, ...
          0.022733676583919053, ...
         -0.0030429899813869555, ...
         -0.0086029215203478147, ...
          0.0029679966915180638, ...
          0.0023012052421511474, ...
         -0.001436845304805, ...
         -0.00032813251941022427, ...
          0.00043946542776894542, ...
         -2.5610109566546042e-005, ...
         -8.2048032024582121e-005, ...
          2.3186813798761639e-005, ...
          6.9906009850812941e-006, ...
         -4.5059424772259631e-006, ...
          3.0165496099963414e-007, ...
          2.9577009333187617e-007, ...
         -8.4239484460081536e-008, ...
          7.2674929685663697e-009, ...
       ];
Hi_R = [ 
          7.2674929685663697e-009, ...
          8.4239484460081536e-008, ...
          2.9577009333187617e-007, ...
         -3.0165496099963414e-007, ...
         -4.5059424772259631e-006, ...
         -6.9906009850812941e-006, ...
          2.3186813798761639e-005, ...
          8.2048032024582121e-005, ...
         -2.5610109566546042e-005, ...
         -0.00043946542776894542, ...
         -0.00032813251941022427, ...
          0.001436845304805, ...
          0.0023012052421511474, ...
         -0.0029679966915180638, ...
         -0.0086029215203478147, ...
          0.0030429899813869555, ...
          0.022733676583919053, ...
          0.0032709555358783646, ...
         -0.046922438389378908, ...
         -0.022312336178011833, ...
          0.081105986654080822, ...
          0.057091419631858077, ...
         -0.12681569177849797, ...
         -0.10113548917744287, ...
          0.19731058956508457, ...
          0.12659975221599248, ...
         -0.32832074836418546, ...
         -0.027314970403312946, ...
          0.5183157640572823, ...
         -0.61099661568502728, ...
          0.37035072415288578, ...
         -0.13121490330791097, ...
          0.025985393703623173, ...
         -0.0022418070010387899, ...
       ];
