% Coefficient values taken from:
%   http://wavelets.pybytes.com/

Lo_D = [ 
         -2.5079344549419292e-009, ...
          3.0688358630370302e-008, ...
         -1.1760987670250871e-007, ...
         -7.691632689865049e-008, ...
          1.7687129836228861e-006, ...
         -3.3326344788769603e-006, ...
         -8.5206025374234635e-006, ...
          3.7412378807308472e-005, ...
         -1.5359171230213409e-007, ...
         -0.00019864855231101547, ...
          0.0002135815619103188, ...
          0.00062846568296447147, ...
         -0.0013405962983313922, ...
         -0.0011187326669886426, ...
          0.0049433436054565939, ...
          0.00011863003387493042, ...
         -0.013051480946517112, ...
          0.0062621679544386608, ...
          0.026670705926689853, ...
         -0.023733210395336858, ...
         -0.04452614190225633, ...
          0.057051247739058272, ...
          0.064887216212358198, ...
         -0.10675224665906288, ...
         -0.092331884150304119, ...
          0.16708131276294505, ...
          0.14953397556500755, ...
         -0.21648093400458224, ...
         -0.29365404073579809, ...
          0.14722311196952223, ...
          0.57180165488712198, ...
          0.57182680776508177, ...
          0.31467894133619284, ...
          0.10358846582214751, ...
          0.019288531724094969, ...
          0.0015763102184365595, ...
       ];
Hi_D = [ 
         -0.0015763102184365595, ...
          0.019288531724094969, ...
         -0.10358846582214751, ...
          0.31467894133619284, ...
         -0.57182680776508177, ...
          0.57180165488712198, ...
         -0.14722311196952223, ...
         -0.29365404073579809, ...
          0.21648093400458224, ...
          0.14953397556500755, ...
         -0.16708131276294505, ...
         -0.092331884150304119, ...
          0.10675224665906288, ...
          0.064887216212358198, ...
         -0.057051247739058272, ...
         -0.04452614190225633, ...
          0.023733210395336858, ...
          0.026670705926689853, ...
         -0.0062621679544386608, ...
         -0.013051480946517112, ...
         -0.00011863003387493042, ...
          0.0049433436054565939, ...
          0.0011187326669886426, ...
         -0.0013405962983313922, ...
         -0.00062846568296447147, ...
          0.0002135815619103188, ...
          0.00019864855231101547, ...
         -1.5359171230213409e-007, ...
         -3.7412378807308472e-005, ...
         -8.5206025374234635e-006, ...
          3.3326344788769603e-006, ...
          1.7687129836228861e-006, ...
          7.691632689865049e-008, ...
         -1.1760987670250871e-007, ...
         -3.0688358630370302e-008, ...
         -2.5079344549419292e-009, ...
       ];
Lo_R = [ 
          0.0015763102184365595, ...
          0.019288531724094969, ...
          0.10358846582214751, ...
          0.31467894133619284, ...
          0.57182680776508177, ...
          0.57180165488712198, ...
          0.14722311196952223, ...
         -0.29365404073579809, ...
         -0.21648093400458224, ...
          0.14953397556500755, ...
          0.16708131276294505, ...
         -0.092331884150304119, ...
         -0.10675224665906288, ...
          0.064887216212358198, ...
          0.057051247739058272, ...
         -0.04452614190225633, ...
         -0.023733210395336858, ...
          0.026670705926689853, ...
          0.0062621679544386608, ...
         -0.013051480946517112, ...
          0.00011863003387493042, ...
          0.0049433436054565939, ...
         -0.0011187326669886426, ...
         -0.0013405962983313922, ...
          0.00062846568296447147, ...
          0.0002135815619103188, ...
         -0.00019864855231101547, ...
         -1.5359171230213409e-007, ...
          3.7412378807308472e-005, ...
         -8.5206025374234635e-006, ...
         -3.3326344788769603e-006, ...
          1.7687129836228861e-006, ...
         -7.691632689865049e-008, ...
         -1.1760987670250871e-007, ...
          3.0688358630370302e-008, ...
         -2.5079344549419292e-009, ...
       ];
Hi_R = [ 
         -2.5079344549419292e-009, ...
         -3.0688358630370302e-008, ...
         -1.1760987670250871e-007, ...
          7.691632689865049e-008, ...
          1.7687129836228861e-006, ...
          3.3326344788769603e-006, ...
         -8.5206025374234635e-006, ...
         -3.7412378807308472e-005, ...
         -1.5359171230213409e-007, ...
          0.00019864855231101547, ...
          0.0002135815619103188, ...
         -0.00062846568296447147, ...
         -0.0013405962983313922, ...
          0.0011187326669886426, ...
          0.0049433436054565939, ...
         -0.00011863003387493042, ...
         -0.013051480946517112, ...
         -0.0062621679544386608, ...
          0.026670705926689853, ...
          0.023733210395336858, ...
         -0.04452614190225633, ...
         -0.057051247739058272, ...
          0.064887216212358198, ...
          0.10675224665906288, ...
         -0.092331884150304119, ...
         -0.16708131276294505, ...
          0.14953397556500755, ...
          0.21648093400458224, ...
         -0.29365404073579809, ...
         -0.14722311196952223, ...
          0.57180165488712198, ...
         -0.57182680776508177, ...
          0.31467894133619284, ...
         -0.10358846582214751, ...
          0.019288531724094969, ...
         -0.0015763102184365595, ...
       ];
