% Coefficient values taken from:
%   http://wavelets.pybytes.com/

Lo_D = [ 
          8.6668488390344833e-010, ...
         -1.1164020670405678e-008, ...
          4.6369377758023682e-008, ...
          1.4470882988040879e-008, ...
         -6.8627556577981102e-007, ...
          1.5319314766978769e-006, ...
          3.0109643163099385e-006, ...
         -1.6640176297224622e-005, ...
          5.1059504870906939e-006, ...
          8.7112704672504432e-005, ...
         -0.00012460079173506306, ...
         -0.00026067613568119951, ...
          0.0007358025205041731, ...
          0.00034180865344939543, ...
         -0.0026875518007344408, ...
          0.00076895435922424884, ...
          0.0070407473670804953, ...
         -0.0058669222811121953, ...
         -0.013988388678695632, ...
          0.019375549889114482, ...
          0.021623767409452484, ...
         -0.045674226277784918, ...
         -0.026501236250778635, ...
          0.086906755555450702, ...
          0.027584350624887129, ...
         -0.14278569504021468, ...
         -0.033518541903202262, ...
          0.21234974330662043, ...
          0.074652269708066474, ...
         -0.28583863175723145, ...
         -0.22809139421653665, ...
          0.26089495265212009, ...
          0.60170454913009164, ...
          0.52443637746688621, ...
          0.26438843174202237, ...
          0.08127811326580564, ...
          0.01428109845082521, ...
          0.0011086697631864314, ...
       ];
Hi_D = [ 
         -0.0011086697631864314, ...
          0.01428109845082521, ...
         -0.08127811326580564, ...
          0.26438843174202237, ...
         -0.52443637746688621, ...
          0.60170454913009164, ...
         -0.26089495265212009, ...
         -0.22809139421653665, ...
          0.28583863175723145, ...
          0.074652269708066474, ...
         -0.21234974330662043, ...
         -0.033518541903202262, ...
          0.14278569504021468, ...
          0.027584350624887129, ...
         -0.086906755555450702, ...
         -0.026501236250778635, ...
          0.045674226277784918, ...
          0.021623767409452484, ...
         -0.019375549889114482, ...
         -0.013988388678695632, ...
          0.0058669222811121953, ...
          0.0070407473670804953, ...
         -0.00076895435922424884, ...
         -0.0026875518007344408, ...
         -0.00034180865344939543, ...
          0.0007358025205041731, ...
          0.00026067613568119951, ...
         -0.00012460079173506306, ...
         -8.7112704672504432e-005, ...
          5.1059504870906939e-006, ...
          1.6640176297224622e-005, ...
          3.0109643163099385e-006, ...
         -1.5319314766978769e-006, ...
         -6.8627556577981102e-007, ...
         -1.4470882988040879e-008, ...
          4.6369377758023682e-008, ...
          1.1164020670405678e-008, ...
          8.6668488390344833e-010, ...
       ];
Lo_R = [ 
          0.0011086697631864314, ...
          0.01428109845082521, ...
          0.08127811326580564, ...
          0.26438843174202237, ...
          0.52443637746688621, ...
          0.60170454913009164, ...
          0.26089495265212009, ...
         -0.22809139421653665, ...
         -0.28583863175723145, ...
          0.074652269708066474, ...
          0.21234974330662043, ...
         -0.033518541903202262, ...
         -0.14278569504021468, ...
          0.027584350624887129, ...
          0.086906755555450702, ...
         -0.026501236250778635, ...
         -0.045674226277784918, ...
          0.021623767409452484, ...
          0.019375549889114482, ...
         -0.013988388678695632, ...
         -0.0058669222811121953, ...
          0.0070407473670804953, ...
          0.00076895435922424884, ...
         -0.0026875518007344408, ...
          0.00034180865344939543, ...
          0.0007358025205041731, ...
         -0.00026067613568119951, ...
         -0.00012460079173506306, ...
          8.7112704672504432e-005, ...
          5.1059504870906939e-006, ...
         -1.6640176297224622e-005, ...
          3.0109643163099385e-006, ...
          1.5319314766978769e-006, ...
         -6.8627556577981102e-007, ...
          1.4470882988040879e-008, ...
          4.6369377758023682e-008, ...
         -1.1164020670405678e-008, ...
          8.6668488390344833e-010, ...
       ];
Hi_R = [ 
          8.6668488390344833e-010, ...
          1.1164020670405678e-008, ...
          4.6369377758023682e-008, ...
         -1.4470882988040879e-008, ...
         -6.8627556577981102e-007, ...
         -1.5319314766978769e-006, ...
          3.0109643163099385e-006, ...
          1.6640176297224622e-005, ...
          5.1059504870906939e-006, ...
         -8.7112704672504432e-005, ...
         -0.00012460079173506306, ...
          0.00026067613568119951, ...
          0.0007358025205041731, ...
         -0.00034180865344939543, ...
         -0.0026875518007344408, ...
         -0.00076895435922424884, ...
          0.0070407473670804953, ...
          0.0058669222811121953, ...
         -0.013988388678695632, ...
         -0.019375549889114482, ...
          0.021623767409452484, ...
          0.045674226277784918, ...
         -0.026501236250778635, ...
         -0.086906755555450702, ...
          0.027584350624887129, ...
          0.14278569504021468, ...
         -0.033518541903202262, ...
         -0.21234974330662043, ...
          0.074652269708066474, ...
          0.28583863175723145, ...
         -0.22809139421653665, ...
         -0.26089495265212009, ...
          0.60170454913009164, ...
         -0.52443637746688621, ...
          0.26438843174202237, ...
         -0.08127811326580564, ...
          0.01428109845082521, ...
         -0.0011086697631864314, ...
       ];
