% Coefficient values taken from:
%   http://wavelets.pybytes.com/

Lo_D = [ 
         -0.12940952255092145, ...
          0.22414386804185735, ...
          0.83651630373746899, ...
          0.48296291314469025, ...
       ];
Hi_D = [ 
         -0.48296291314469025, ...
          0.83651630373746899, ...
         -0.22414386804185735, ...
         -0.12940952255092145, ...
       ];
Lo_R = [ 
          0.48296291314469025, ...
          0.83651630373746899, ...
          0.22414386804185735, ...
         -0.12940952255092145, ...
       ];
Hi_R = [ 
         -0.12940952255092145, ...
         -0.22414386804185735, ...
          0.83651630373746899, ...
         -0.48296291314469025, ...
       ];
