% Coefficient values taken from:
%   http://wavelets.pybytes.com/

Lo_D = [ 
         -2.9988364896157532e-010, ...
          4.05612705554717e-009, ...
         -1.8148432482976221e-008, ...
          2.0143220235374613e-010, ...
          2.633924226266962e-007, ...
         -6.847079596993149e-007, ...
         -1.0119940100181473e-006, ...
          7.2412482876637907e-006, ...
         -4.3761438621821972e-006, ...
         -3.7105861833906152e-005, ...
          6.7742808283730477e-005, ...
          0.00010153288973669777, ...
         -0.0003851047486990061, ...
         -5.3497598443404532e-005, ...
          0.0013925596193045254, ...
         -0.00083156217287724745, ...
         -0.003581494259744107, ...
          0.0044205423867663502, ...
          0.0067216273018096935, ...
         -0.013810526137727442, ...
         -0.0087893249245557647, ...
          0.032294299530119162, ...
          0.0058746818113949465, ...
         -0.061722899624668884, ...
          0.0056322468576854544, ...
          0.10229171917513397, ...
         -0.024716827337521424, ...
         -0.15545875070604531, ...
          0.039850246458519104, ...
          0.22829105082013823, ...
         -0.016727088308801888, ...
         -0.32678680043353758, ...
         -0.13921208801128787, ...
          0.36150229873889705, ...
          0.61049323893785579, ...
          0.47269618531033147, ...
          0.21994211355113222, ...
          0.063423780459005291, ...
          0.010549394624937735, ...
          0.00077995361366591117, ...
       ];
Hi_D = [ 
         -0.00077995361366591117, ...
          0.010549394624937735, ...
         -0.063423780459005291, ...
          0.21994211355113222, ...
         -0.47269618531033147, ...
          0.61049323893785579, ...
         -0.36150229873889705, ...
         -0.13921208801128787, ...
          0.32678680043353758, ...
         -0.016727088308801888, ...
         -0.22829105082013823, ...
          0.039850246458519104, ...
          0.15545875070604531, ...
         -0.024716827337521424, ...
         -0.10229171917513397, ...
          0.0056322468576854544, ...
          0.061722899624668884, ...
          0.0058746818113949465, ...
         -0.032294299530119162, ...
         -0.0087893249245557647, ...
          0.013810526137727442, ...
          0.0067216273018096935, ...
         -0.0044205423867663502, ...
         -0.003581494259744107, ...
          0.00083156217287724745, ...
          0.0013925596193045254, ...
          5.3497598443404532e-005, ...
         -0.0003851047486990061, ...
         -0.00010153288973669777, ...
          6.7742808283730477e-005, ...
          3.7105861833906152e-005, ...
         -4.3761438621821972e-006, ...
         -7.2412482876637907e-006, ...
         -1.0119940100181473e-006, ...
          6.847079596993149e-007, ...
          2.633924226266962e-007, ...
         -2.0143220235374613e-010, ...
         -1.8148432482976221e-008, ...
         -4.05612705554717e-009, ...
         -2.9988364896157532e-010, ...
       ];
Lo_R = [ 
          0.00077995361366591117, ...
          0.010549394624937735, ...
          0.063423780459005291, ...
          0.21994211355113222, ...
          0.47269618531033147, ...
          0.61049323893785579, ...
          0.36150229873889705, ...
         -0.13921208801128787, ...
         -0.32678680043353758, ...
         -0.016727088308801888, ...
          0.22829105082013823, ...
          0.039850246458519104, ...
         -0.15545875070604531, ...
         -0.024716827337521424, ...
          0.10229171917513397, ...
          0.0056322468576854544, ...
         -0.061722899624668884, ...
          0.0058746818113949465, ...
          0.032294299530119162, ...
         -0.0087893249245557647, ...
         -0.013810526137727442, ...
          0.0067216273018096935, ...
          0.0044205423867663502, ...
         -0.003581494259744107, ...
         -0.00083156217287724745, ...
          0.0013925596193045254, ...
         -5.3497598443404532e-005, ...
         -0.0003851047486990061, ...
          0.00010153288973669777, ...
          6.7742808283730477e-005, ...
         -3.7105861833906152e-005, ...
         -4.3761438621821972e-006, ...
          7.2412482876637907e-006, ...
         -1.0119940100181473e-006, ...
         -6.847079596993149e-007, ...
          2.633924226266962e-007, ...
          2.0143220235374613e-010, ...
         -1.8148432482976221e-008, ...
          4.05612705554717e-009, ...
         -2.9988364896157532e-010, ...
       ];
Hi_R = [ 
         -2.9988364896157532e-010, ...
         -4.05612705554717e-009, ...
         -1.8148432482976221e-008, ...
         -2.0143220235374613e-010, ...
          2.633924226266962e-007, ...
          6.847079596993149e-007, ...
         -1.0119940100181473e-006, ...
         -7.2412482876637907e-006, ...
         -4.3761438621821972e-006, ...
          3.7105861833906152e-005, ...
          6.7742808283730477e-005, ...
         -0.00010153288973669777, ...
         -0.0003851047486990061, ...
          5.3497598443404532e-005, ...
          0.0013925596193045254, ...
          0.00083156217287724745, ...
         -0.003581494259744107, ...
         -0.0044205423867663502, ...
          0.0067216273018096935, ...
          0.013810526137727442, ...
         -0.0087893249245557647, ...
         -0.032294299530119162, ...
          0.0058746818113949465, ...
          0.061722899624668884, ...
          0.0056322468576854544, ...
         -0.10229171917513397, ...
         -0.024716827337521424, ...
          0.15545875070604531, ...
          0.039850246458519104, ...
         -0.22829105082013823, ...
         -0.016727088308801888, ...
          0.32678680043353758, ...
         -0.13921208801128787, ...
         -0.36150229873889705, ...
          0.61049323893785579, ...
         -0.47269618531033147, ...
          0.21994211355113222, ...
         -0.063423780459005291, ...
          0.010549394624937735, ...
         -0.00077995361366591117, ...
       ];
