% Coefficient values taken from:
%   http://wavelets.pybytes.com/

Lo_D = [ 
         -0.010597401784997278, ...
          0.032883011666982945, ...
          0.030841381835986965, ...
         -0.18703481171888114, ...
         -0.027983769416983849, ...
          0.63088076792959036, ...
          0.71484657055254153, ...
          0.23037781330885523, ...
       ];
Hi_D = [ 
         -0.23037781330885523, ...
          0.71484657055254153, ...
         -0.63088076792959036, ...
         -0.027983769416983849, ...
          0.18703481171888114, ...
          0.030841381835986965, ...
         -0.032883011666982945, ...
         -0.010597401784997278, ...
       ];
Lo_R = [ 
          0.23037781330885523, ...
          0.71484657055254153, ...
          0.63088076792959036, ...
         -0.027983769416983849, ...
         -0.18703481171888114, ...
          0.030841381835986965, ...
          0.032883011666982945, ...
         -0.010597401784997278, ...
       ];
Hi_R = [ 
         -0.010597401784997278, ...
         -0.032883011666982945, ...
          0.030841381835986965, ...
          0.18703481171888114, ...
         -0.027983769416983849, ...
         -0.63088076792959036, ...
          0.71484657055254153, ...
         -0.23037781330885523, ...
       ];
