% Coefficient values taken from:
%   http://wavelets.pybytes.com/

Lo_D = [ 
          0.00035371380000103988, ...
         -0.0018016407039998328, ...
          0.00042957797300470274, ...
          0.012550998556013784, ...
         -0.01657454163101562, ...
         -0.038029936935034633, ...
          0.080612609151065898, ...
          0.071309219267050042, ...
         -0.22403618499416572, ...
         -0.14390600392910627, ...
          0.4697822874053586, ...
          0.72913209084655506, ...
          0.39653931948230575, ...
          0.077852054085062364, ...
       ];
Hi_D = [ 
         -0.077852054085062364, ...
          0.39653931948230575, ...
         -0.72913209084655506, ...
          0.4697822874053586, ...
          0.14390600392910627, ...
         -0.22403618499416572, ...
         -0.071309219267050042, ...
          0.080612609151065898, ...
          0.038029936935034633, ...
         -0.01657454163101562, ...
         -0.012550998556013784, ...
          0.00042957797300470274, ...
          0.0018016407039998328, ...
          0.00035371380000103988, ...
       ];
Lo_R = [ 
          0.077852054085062364, ...
          0.39653931948230575, ...
          0.72913209084655506, ...
          0.4697822874053586, ...
         -0.14390600392910627, ...
         -0.22403618499416572, ...
          0.071309219267050042, ...
          0.080612609151065898, ...
         -0.038029936935034633, ...
         -0.01657454163101562, ...
          0.012550998556013784, ...
          0.00042957797300470274, ...
         -0.0018016407039998328, ...
          0.00035371380000103988, ...
       ];
Hi_R = [ 
          0.00035371380000103988, ...
          0.0018016407039998328, ...
          0.00042957797300470274, ...
         -0.012550998556013784, ...
         -0.01657454163101562, ...
          0.038029936935034633, ...
          0.080612609151065898, ...
         -0.071309219267050042, ...
         -0.22403618499416572, ...
          0.14390600392910627, ...
          0.4697822874053586, ...
         -0.72913209084655506, ...
          0.39653931948230575, ...
         -0.077852054085062364, ...
       ];
