% Coefficient values taken from:
%   http://wavelets.pybytes.com/

Lo_D = [ 
         -0.00011747678400228192, ...
          0.00067544940599855677, ...
         -0.00039174037299597711, ...
         -0.0048703529930106603, ...
          0.0087460940470156547, ...
          0.013981027917015516, ...
         -0.044088253931064719, ...
         -0.017369301002022108, ...
          0.12874742662018601, ...
          0.00047248457399797254, ...
         -0.28401554296242809, ...
         -0.015829105256023893, ...
          0.58535468365486909, ...
          0.67563073629801285, ...
          0.31287159091446592, ...
          0.054415842243081609, ...
       ];
Hi_D = [ 
         -0.054415842243081609, ...
          0.31287159091446592, ...
         -0.67563073629801285, ...
          0.58535468365486909, ...
          0.015829105256023893, ...
         -0.28401554296242809, ...
         -0.00047248457399797254, ...
          0.12874742662018601, ...
          0.017369301002022108, ...
         -0.044088253931064719, ...
         -0.013981027917015516, ...
          0.0087460940470156547, ...
          0.0048703529930106603, ...
         -0.00039174037299597711, ...
         -0.00067544940599855677, ...
         -0.00011747678400228192, ...
       ];
Lo_R = [ 
          0.054415842243081609, ...
          0.31287159091446592, ...
          0.67563073629801285, ...
          0.58535468365486909, ...
         -0.015829105256023893, ...
         -0.28401554296242809, ...
          0.00047248457399797254, ...
          0.12874742662018601, ...
         -0.017369301002022108, ...
         -0.044088253931064719, ...
          0.013981027917015516, ...
          0.0087460940470156547, ...
         -0.0048703529930106603, ...
         -0.00039174037299597711, ...
          0.00067544940599855677, ...
         -0.00011747678400228192, ...
       ];
Hi_R = [ 
         -0.00011747678400228192, ...
         -0.00067544940599855677, ...
         -0.00039174037299597711, ...
          0.0048703529930106603, ...
          0.0087460940470156547, ...
         -0.013981027917015516, ...
         -0.044088253931064719, ...
          0.017369301002022108, ...
          0.12874742662018601, ...
         -0.00047248457399797254, ...
         -0.28401554296242809, ...
          0.015829105256023893, ...
          0.58535468365486909, ...
         -0.67563073629801285, ...
          0.31287159091446592, ...
         -0.054415842243081609, ...
       ];
