% Coefficient values taken from:
%   http://wavelets.pybytes.com/

Lo_D = [ 
          3.9347319995026124e-005, ...
         -0.00025196318899817888, ...
          0.00023038576399541288, ...
          0.0018476468829611268, ...
         -0.0042815036819047227, ...
         -0.004723204757894831, ...
          0.022361662123515244, ...
          0.00025094711499193845, ...
         -0.067632829059523988, ...
          0.030725681478322865, ...
          0.14854074933476008, ...
         -0.096840783220879037, ...
         -0.29327378327258685, ...
          0.13319738582208895, ...
          0.65728807803663891, ...
          0.6048231236767786, ...
          0.24383467463766728, ...
          0.038077947363167282, ...
       ];
Hi_D = [ 
         -0.038077947363167282, ...
          0.24383467463766728, ...
         -0.6048231236767786, ...
          0.65728807803663891, ...
         -0.13319738582208895, ...
         -0.29327378327258685, ...
          0.096840783220879037, ...
          0.14854074933476008, ...
         -0.030725681478322865, ...
         -0.067632829059523988, ...
         -0.00025094711499193845, ...
          0.022361662123515244, ...
          0.004723204757894831, ...
         -0.0042815036819047227, ...
         -0.0018476468829611268, ...
          0.00023038576399541288, ...
          0.00025196318899817888, ...
          3.9347319995026124e-005, ...
       ];
Lo_R = [ 
          0.038077947363167282, ...
          0.24383467463766728, ...
          0.6048231236767786, ...
          0.65728807803663891, ...
          0.13319738582208895, ...
         -0.29327378327258685, ...
         -0.096840783220879037, ...
          0.14854074933476008, ...
          0.030725681478322865, ...
         -0.067632829059523988, ...
          0.00025094711499193845, ...
          0.022361662123515244, ...
         -0.004723204757894831, ...
         -0.0042815036819047227, ...
          0.0018476468829611268, ...
          0.00023038576399541288, ...
         -0.00025196318899817888, ...
          3.9347319995026124e-005, ...
       ];
Hi_R = [ 
          3.9347319995026124e-005, ...
          0.00025196318899817888, ...
          0.00023038576399541288, ...
         -0.0018476468829611268, ...
         -0.0042815036819047227, ...
          0.004723204757894831, ...
          0.022361662123515244, ...
         -0.00025094711499193845, ...
         -0.067632829059523988, ...
         -0.030725681478322865, ...
          0.14854074933476008, ...
          0.096840783220879037, ...
         -0.29327378327258685, ...
         -0.13319738582208895, ...
          0.65728807803663891, ...
         -0.6048231236767786, ...
          0.24383467463766728, ...
         -0.038077947363167282, ...
       ];
