% Coefficient values taken from:
%   http://wavelets.pybytes.com/

Lo_D = [ 
          0.00011196719424656033, ...
         -1.1353928041541452e-005, ...
         -0.0013497557555715387, ...
          0.00018021409008538188, ...
          0.007414965517654251, ...
         -0.0014089092443297553, ...
         -0.024220722675013445, ...
          0.0075537806116804775, ...
          0.049179318299660837, ...
         -0.035848830736954392, ...
         -0.022162306170337816, ...
          0.39888597239022, ...
          0.76347909778365719, ...
          0.46274103121927235, ...
         -0.07833262231634322, ...
         -0.17037069723886492, ...
          0.01530174062247884, ...
          0.057804179445505657, ...
         -0.0026043910313322326, ...
         -0.014589836449234145, ...
          0.00030764779631059454, ...
          0.0023502976141834648, ...
         -1.8158078862617515e-005, ...
         -0.00017906658697508691, ...
       ];
Hi_D = [ 
          0.00017906658697508691, ...
         -1.8158078862617515e-005, ...
         -0.0023502976141834648, ...
          0.00030764779631059454, ...
          0.014589836449234145, ...
         -0.0026043910313322326, ...
         -0.057804179445505657, ...
          0.01530174062247884, ...
          0.17037069723886492, ...
         -0.07833262231634322, ...
         -0.46274103121927235, ...
          0.76347909778365719, ...
         -0.39888597239022, ...
         -0.022162306170337816, ...
          0.035848830736954392, ...
          0.049179318299660837, ...
         -0.0075537806116804775, ...
         -0.024220722675013445, ...
          0.0014089092443297553, ...
          0.007414965517654251, ...
         -0.00018021409008538188, ...
         -0.0013497557555715387, ...
          1.1353928041541452e-005, ...
          0.00011196719424656033, ...
       ];
Lo_R = [ 
         -0.00017906658697508691, ...
         -1.8158078862617515e-005, ...
          0.0023502976141834648, ...
          0.00030764779631059454, ...
         -0.014589836449234145, ...
         -0.0026043910313322326, ...
          0.057804179445505657, ...
          0.01530174062247884, ...
         -0.17037069723886492, ...
         -0.07833262231634322, ...
          0.46274103121927235, ...
          0.76347909778365719, ...
          0.39888597239022, ...
         -0.022162306170337816, ...
         -0.035848830736954392, ...
          0.049179318299660837, ...
          0.0075537806116804775, ...
         -0.024220722675013445, ...
         -0.0014089092443297553, ...
          0.007414965517654251, ...
          0.00018021409008538188, ...
         -0.0013497557555715387, ...
         -1.1353928041541452e-005, ...
          0.00011196719424656033, ...
       ];
Hi_R = [ 
          0.00011196719424656033, ...
          1.1353928041541452e-005, ...
         -0.0013497557555715387, ...
         -0.00018021409008538188, ...
          0.007414965517654251, ...
          0.0014089092443297553, ...
         -0.024220722675013445, ...
         -0.0075537806116804775, ...
          0.049179318299660837, ...
          0.035848830736954392, ...
         -0.022162306170337816, ...
         -0.39888597239022, ...
          0.76347909778365719, ...
         -0.46274103121927235, ...
         -0.07833262231634322, ...
          0.17037069723886492, ...
          0.01530174062247884, ...
         -0.057804179445505657, ...
         -0.0026043910313322326, ...
          0.014589836449234145, ...
          0.00030764779631059454, ...
         -0.0023502976141834648, ...
         -1.8158078862617515e-005, ...
          0.00017906658697508691, ...
       ];
