% Coefficient values taken from:
%   http://wavelets.pybytes.com/

Lo_D = [ 
          2.6126125564836423e-006, ...
          1.354915761832114e-006, ...
         -4.5246757874949856e-005, ...
         -1.4020992577726755e-005, ...
          0.00039616840638254753, ...
          7.0212734590362685e-005, ...
         -0.0023138718145060992, ...
         -0.00041152110923597756, ...
          0.0095021643909623654, ...
          0.0016429863972782159, ...
         -0.030325091089369604, ...
         -0.0050770851607570529, ...
          0.084219929970386548, ...
          0.033995667103947358, ...
         -0.15993814866932407, ...
         -0.052029158983952786, ...
          0.47396905989393956, ...
          0.75362914010179283, ...
          0.40148386057061813, ...
         -0.032480573290138676, ...
         -0.073799207290607169, ...
          0.028529597039037808, ...
          0.0062779445543116943, ...
         -0.031712684731814537, ...
         -0.0032607442000749834, ...
          0.015012356344250213, ...
          0.0010877847895956929, ...
         -0.0052397896830266083, ...
         -0.00018877623940755607, ...
          0.0014280863270832796, ...
          4.7416145183736671e-005, ...
         -0.00026583011024241041, ...
         -9.858816030140058e-006, ...
          2.9557437620930811e-005, ...
          7.8472980558317646e-007, ...
         -1.5131530692371587e-006, ...
       ];
Hi_D = [ 
          1.5131530692371587e-006, ...
          7.8472980558317646e-007, ...
         -2.9557437620930811e-005, ...
         -9.858816030140058e-006, ...
          0.00026583011024241041, ...
          4.7416145183736671e-005, ...
         -0.0014280863270832796, ...
         -0.00018877623940755607, ...
          0.0052397896830266083, ...
          0.0010877847895956929, ...
         -0.015012356344250213, ...
         -0.0032607442000749834, ...
          0.031712684731814537, ...
          0.0062779445543116943, ...
         -0.028529597039037808, ...
         -0.073799207290607169, ...
          0.032480573290138676, ...
          0.40148386057061813, ...
         -0.75362914010179283, ...
          0.47396905989393956, ...
          0.052029158983952786, ...
         -0.15993814866932407, ...
         -0.033995667103947358, ...
          0.084219929970386548, ...
          0.0050770851607570529, ...
         -0.030325091089369604, ...
         -0.0016429863972782159, ...
          0.0095021643909623654, ...
          0.00041152110923597756, ...
         -0.0023138718145060992, ...
         -7.0212734590362685e-005, ...
          0.00039616840638254753, ...
          1.4020992577726755e-005, ...
         -4.5246757874949856e-005, ...
         -1.354915761832114e-006, ...
          2.6126125564836423e-006, ...
       ];
Lo_R = [ 
         -1.5131530692371587e-006, ...
          7.8472980558317646e-007, ...
          2.9557437620930811e-005, ...
         -9.858816030140058e-006, ...
         -0.00026583011024241041, ...
          4.7416145183736671e-005, ...
          0.0014280863270832796, ...
         -0.00018877623940755607, ...
         -0.0052397896830266083, ...
          0.0010877847895956929, ...
          0.015012356344250213, ...
         -0.0032607442000749834, ...
         -0.031712684731814537, ...
          0.0062779445543116943, ...
          0.028529597039037808, ...
         -0.073799207290607169, ...
         -0.032480573290138676, ...
          0.40148386057061813, ...
          0.75362914010179283, ...
          0.47396905989393956, ...
         -0.052029158983952786, ...
         -0.15993814866932407, ...
          0.033995667103947358, ...
          0.084219929970386548, ...
         -0.0050770851607570529, ...
         -0.030325091089369604, ...
          0.0016429863972782159, ...
          0.0095021643909623654, ...
         -0.00041152110923597756, ...
         -0.0023138718145060992, ...
          7.0212734590362685e-005, ...
          0.00039616840638254753, ...
         -1.4020992577726755e-005, ...
         -4.5246757874949856e-005, ...
          1.354915761832114e-006, ...
          2.6126125564836423e-006, ...
       ];
Hi_R = [ 
          2.6126125564836423e-006, ...
         -1.354915761832114e-006, ...
         -4.5246757874949856e-005, ...
          1.4020992577726755e-005, ...
          0.00039616840638254753, ...
         -7.0212734590362685e-005, ...
         -0.0023138718145060992, ...
          0.00041152110923597756, ...
          0.0095021643909623654, ...
         -0.0016429863972782159, ...
         -0.030325091089369604, ...
          0.0050770851607570529, ...
          0.084219929970386548, ...
         -0.033995667103947358, ...
         -0.15993814866932407, ...
          0.052029158983952786, ...
          0.47396905989393956, ...
         -0.75362914010179283, ...
          0.40148386057061813, ...
          0.032480573290138676, ...
         -0.073799207290607169, ...
         -0.028529597039037808, ...
          0.0062779445543116943, ...
          0.031712684731814537, ...
         -0.0032607442000749834, ...
         -0.015012356344250213, ...
          0.0010877847895956929, ...
          0.0052397896830266083, ...
         -0.00018877623940755607, ...
         -0.0014280863270832796, ...
          4.7416145183736671e-005, ...
          0.00026583011024241041, ...
         -9.858816030140058e-006, ...
         -2.9557437620930811e-005, ...
          7.8472980558317646e-007, ...
          1.5131530692371587e-006, ...
       ];
