% Coefficient values taken from:
%   http://wavelets.pybytes.com/

Lo_D = [ 
          0.00017172195069934854, ...
         -3.8795655736158566e-005, ...
         -0.0017343662672978692, ...
          0.00058835273539699145, ...
          0.0065124956747714497, ...
         -0.0098579348287897942, ...
         -0.024080841595864003, ...
          0.0370374159788594, ...
          0.069976799610734136, ...
         -0.022832651022562687, ...
          0.097198394458909473, ...
          0.57202297801008706, ...
          0.73034354908839572, ...
          0.23768990904924897, ...
         -0.2046547944958006, ...
         -0.14460234370531561, ...
          0.035266759564466552, ...
          0.043000190681552281, ...
         -0.0020034719001093887, ...
         -0.0063896036664548919, ...
          0.00011053509764272153, ...
          0.00048926361026192387, ...
       ];
Hi_D = [ 
         -0.00048926361026192387, ...
          0.00011053509764272153, ...
          0.0063896036664548919, ...
         -0.0020034719001093887, ...
         -0.043000190681552281, ...
          0.035266759564466552, ...
          0.14460234370531561, ...
         -0.2046547944958006, ...
         -0.23768990904924897, ...
          0.73034354908839572, ...
         -0.57202297801008706, ...
          0.097198394458909473, ...
          0.022832651022562687, ...
          0.069976799610734136, ...
         -0.0370374159788594, ...
         -0.024080841595864003, ...
          0.0098579348287897942, ...
          0.0065124956747714497, ...
         -0.00058835273539699145, ...
         -0.0017343662672978692, ...
          3.8795655736158566e-005, ...
          0.00017172195069934854, ...
       ];
Lo_R = [ 
          0.00048926361026192387, ...
          0.00011053509764272153, ...
         -0.0063896036664548919, ...
         -0.0020034719001093887, ...
          0.043000190681552281, ...
          0.035266759564466552, ...
         -0.14460234370531561, ...
         -0.2046547944958006, ...
          0.23768990904924897, ...
          0.73034354908839572, ...
          0.57202297801008706, ...
          0.097198394458909473, ...
         -0.022832651022562687, ...
          0.069976799610734136, ...
          0.0370374159788594, ...
         -0.024080841595864003, ...
         -0.0098579348287897942, ...
          0.0065124956747714497, ...
          0.00058835273539699145, ...
         -0.0017343662672978692, ...
         -3.8795655736158566e-005, ...
          0.00017172195069934854, ...
       ];
Hi_R = [ 
          0.00017172195069934854, ...
          3.8795655736158566e-005, ...
         -0.0017343662672978692, ...
         -0.00058835273539699145, ...
          0.0065124956747714497, ...
          0.0098579348287897942, ...
         -0.024080841595864003, ...
         -0.0370374159788594, ...
          0.069976799610734136, ...
          0.022832651022562687, ...
          0.097198394458909473, ...
         -0.57202297801008706, ...
          0.73034354908839572, ...
         -0.23768990904924897, ...
         -0.2046547944958006, ...
          0.14460234370531561, ...
          0.035266759564466552, ...
         -0.043000190681552281, ...
         -0.0020034719001093887, ...
          0.0063896036664548919, ...
          0.00011053509764272153, ...
         -0.00048926361026192387, ...
       ];
