% Coefficient values taken from:
%   http://wavelets.pybytes.com/

Lo_D = [ 
          0.00077015980911449011, ...
          9.5632670722894754e-005, ...
         -0.0086412992770224222, ...
         -0.0014653825813050513, ...
          0.045927239231092203, ...
          0.011609893903711381, ...
         -0.15949427888491757, ...
         -0.070880535783243853, ...
          0.47169066693843925, ...
          0.7695100370211071, ...
          0.38382676106708546, ...
         -0.035536740473817552, ...
         -0.0319900568824278, ...
          0.049994972077376687, ...
          0.0057649120335819086, ...
         -0.02035493981231129, ...
         -0.00080435893201654491, ...
          0.0045931735853118284, ...
          5.7036083618494284e-005, ...
         -0.00045932942100465878, ...
       ];
Hi_D = [ 
          0.00045932942100465878, ...
          5.7036083618494284e-005, ...
         -0.0045931735853118284, ...
         -0.00080435893201654491, ...
          0.02035493981231129, ...
          0.0057649120335819086, ...
         -0.049994972077376687, ...
         -0.0319900568824278, ...
          0.035536740473817552, ...
          0.38382676106708546, ...
         -0.7695100370211071, ...
          0.47169066693843925, ...
          0.070880535783243853, ...
         -0.15949427888491757, ...
         -0.011609893903711381, ...
          0.045927239231092203, ...
          0.0014653825813050513, ...
         -0.0086412992770224222, ...
         -9.5632670722894754e-005, ...
          0.00077015980911449011, ...
       ];
Lo_R = [ 
         -0.00045932942100465878, ...
          5.7036083618494284e-005, ...
          0.0045931735853118284, ...
         -0.00080435893201654491, ...
         -0.02035493981231129, ...
          0.0057649120335819086, ...
          0.049994972077376687, ...
         -0.0319900568824278, ...
         -0.035536740473817552, ...
          0.38382676106708546, ...
          0.7695100370211071, ...
          0.47169066693843925, ...
         -0.070880535783243853, ...
         -0.15949427888491757, ...
          0.011609893903711381, ...
          0.045927239231092203, ...
         -0.0014653825813050513, ...
         -0.0086412992770224222, ...
          9.5632670722894754e-005, ...
          0.00077015980911449011, ...
       ];
Hi_R = [ 
          0.00077015980911449011, ...
         -9.5632670722894754e-005, ...
         -0.0086412992770224222, ...
          0.0014653825813050513, ...
          0.045927239231092203, ...
         -0.011609893903711381, ...
         -0.15949427888491757, ...
          0.070880535783243853, ...
          0.47169066693843925, ...
         -0.7695100370211071, ...
          0.38382676106708546, ...
          0.035536740473817552, ...
         -0.0319900568824278, ...
         -0.049994972077376687, ...
          0.0057649120335819086, ...
          0.02035493981231129, ...
         -0.00080435893201654491, ...
         -0.0045931735853118284, ...
          5.7036083618494284e-005, ...
          0.00045932942100465878, ...
       ];
