% Coefficient values taken from:
%   http://wavelets.pybytes.com/

Lo_D = [ 
          4.297343327345983e-006, ...
          2.7801266938414138e-006, ...
         -6.2937025975541919e-005, ...
         -1.3506383399901165e-005, ...
          0.0004759963802638669, ...
         -0.00013864230268045499, ...
         -0.0027416759756816018, ...
          0.0008567700701915741, ...
          0.010482366933031529, ...
         -0.0048192128031761478, ...
         -0.033291383492359328, ...
          0.017903952214341119, ...
          0.10475461484223211, ...
          0.0172711782105185, ...
         -0.11856693261143636, ...
          0.14239835041467819, ...
          0.65071662920454565, ...
          0.68148899534492502, ...
          0.18053958458111286, ...
         -0.15507600534974825, ...
         -0.086070874720733381, ...
          0.016158808725919346, ...
         -0.0072616347509287674, ...
         -0.01803889724191924, ...
          0.0099529825235095976, ...
          0.012396988366648726, ...
         -0.0019054076898526659, ...
         -0.0039323252797979023, ...
          5.8400428694052584e-005, ...
          0.0007198270642148971, ...
          2.5207933140828779e-005, ...
         -7.6071244056051285e-005, ...
         -2.4527163425832999e-006, ...
          3.7912531943321266e-006, ...
       ];
Hi_D = [ 
         -3.7912531943321266e-006, ...
         -2.4527163425832999e-006, ...
          7.6071244056051285e-005, ...
          2.5207933140828779e-005, ...
         -0.0007198270642148971, ...
          5.8400428694052584e-005, ...
          0.0039323252797979023, ...
         -0.0019054076898526659, ...
         -0.012396988366648726, ...
          0.0099529825235095976, ...
          0.01803889724191924, ...
         -0.0072616347509287674, ...
         -0.016158808725919346, ...
         -0.086070874720733381, ...
          0.15507600534974825, ...
          0.18053958458111286, ...
         -0.68148899534492502, ...
          0.65071662920454565, ...
         -0.14239835041467819, ...
         -0.11856693261143636, ...
         -0.0172711782105185, ...
          0.10475461484223211, ...
         -0.017903952214341119, ...
         -0.033291383492359328, ...
          0.0048192128031761478, ...
          0.010482366933031529, ...
         -0.0008567700701915741, ...
         -0.0027416759756816018, ...
          0.00013864230268045499, ...
          0.0004759963802638669, ...
          1.3506383399901165e-005, ...
         -6.2937025975541919e-005, ...
         -2.7801266938414138e-006, ...
          4.297343327345983e-006, ...
       ];
Lo_R = [ 
          3.7912531943321266e-006, ...
         -2.4527163425832999e-006, ...
         -7.6071244056051285e-005, ...
          2.5207933140828779e-005, ...
          0.0007198270642148971, ...
          5.8400428694052584e-005, ...
         -0.0039323252797979023, ...
         -0.0019054076898526659, ...
          0.012396988366648726, ...
          0.0099529825235095976, ...
         -0.01803889724191924, ...
         -0.0072616347509287674, ...
          0.016158808725919346, ...
         -0.086070874720733381, ...
         -0.15507600534974825, ...
          0.18053958458111286, ...
          0.68148899534492502, ...
          0.65071662920454565, ...
          0.14239835041467819, ...
         -0.11856693261143636, ...
          0.0172711782105185, ...
          0.10475461484223211, ...
          0.017903952214341119, ...
         -0.033291383492359328, ...
         -0.0048192128031761478, ...
          0.010482366933031529, ...
          0.0008567700701915741, ...
         -0.0027416759756816018, ...
         -0.00013864230268045499, ...
          0.0004759963802638669, ...
         -1.3506383399901165e-005, ...
         -6.2937025975541919e-005, ...
          2.7801266938414138e-006, ...
          4.297343327345983e-006, ...
       ];
Hi_R = [ 
          4.297343327345983e-006, ...
         -2.7801266938414138e-006, ...
         -6.2937025975541919e-005, ...
          1.3506383399901165e-005, ...
          0.0004759963802638669, ...
          0.00013864230268045499, ...
         -0.0027416759756816018, ...
         -0.0008567700701915741, ...
          0.010482366933031529, ...
          0.0048192128031761478, ...
         -0.033291383492359328, ...
         -0.017903952214341119, ...
          0.10475461484223211, ...
         -0.0172711782105185, ...
         -0.11856693261143636, ...
         -0.14239835041467819, ...
          0.65071662920454565, ...
         -0.68148899534492502, ...
          0.18053958458111286, ...
          0.15507600534974825, ...
         -0.086070874720733381, ...
         -0.016158808725919346, ...
         -0.0072616347509287674, ...
          0.01803889724191924, ...
          0.0099529825235095976, ...
         -0.012396988366648726, ...
         -0.0019054076898526659, ...
          0.0039323252797979023, ...
          5.8400428694052584e-005, ...
         -0.0007198270642148971, ...
          2.5207933140828779e-005, ...
          7.6071244056051285e-005, ...
         -2.4527163425832999e-006, ...
         -3.7912531943321266e-006, ...
       ];
