% Coefficient values taken from:
%   http://wavelets.pybytes.com/

Lo_D = [ 
         -2.5879090265397886e-005, ...
          1.1210865808890361e-005, ...
          0.00039843567297594335, ...
         -6.2865424814776362e-005, ...
         -0.002579441725933078, ...
          0.00036647657366011829, ...
          0.010037693717672269, ...
         -0.0027537747912240711, ...
         -0.029196217764038187, ...
          0.0042805204990193782, ...
          0.037433088362853452, ...
         -0.057634498351326995, ...
         -0.035318112114979733, ...
          0.39320152196208885, ...
          0.75997624196109093, ...
          0.47533576263420663, ...
         -0.058111823317717831, ...
         -0.15999741114652205, ...
          0.025898587531046669, ...
          0.069827616361807551, ...
         -0.0023650488367403851, ...
         -0.019439314263626713, ...
          0.0010131419871842082, ...
          0.0045326774719456481, ...
         -7.3214213567023991e-005, ...
         -0.00060576018246643346, ...
          1.9329016965523917e-005, ...
          4.4618977991475265e-005, ...
       ];
Hi_D = [ 
         -4.4618977991475265e-005, ...
          1.9329016965523917e-005, ...
          0.00060576018246643346, ...
         -7.3214213567023991e-005, ...
         -0.0045326774719456481, ...
          0.0010131419871842082, ...
          0.019439314263626713, ...
         -0.0023650488367403851, ...
         -0.069827616361807551, ...
          0.025898587531046669, ...
          0.15999741114652205, ...
         -0.058111823317717831, ...
         -0.47533576263420663, ...
          0.75997624196109093, ...
         -0.39320152196208885, ...
         -0.035318112114979733, ...
          0.057634498351326995, ...
          0.037433088362853452, ...
         -0.0042805204990193782, ...
         -0.029196217764038187, ...
          0.0027537747912240711, ...
          0.010037693717672269, ...
         -0.00036647657366011829, ...
         -0.002579441725933078, ...
          6.2865424814776362e-005, ...
          0.00039843567297594335, ...
         -1.1210865808890361e-005, ...
         -2.5879090265397886e-005, ...
       ];
Lo_R = [ 
          4.4618977991475265e-005, ...
          1.9329016965523917e-005, ...
         -0.00060576018246643346, ...
         -7.3214213567023991e-005, ...
          0.0045326774719456481, ...
          0.0010131419871842082, ...
         -0.019439314263626713, ...
         -0.0023650488367403851, ...
          0.069827616361807551, ...
          0.025898587531046669, ...
         -0.15999741114652205, ...
         -0.058111823317717831, ...
          0.47533576263420663, ...
          0.75997624196109093, ...
          0.39320152196208885, ...
         -0.035318112114979733, ...
         -0.057634498351326995, ...
          0.037433088362853452, ...
          0.0042805204990193782, ...
         -0.029196217764038187, ...
         -0.0027537747912240711, ...
          0.010037693717672269, ...
          0.00036647657366011829, ...
         -0.002579441725933078, ...
         -6.2865424814776362e-005, ...
          0.00039843567297594335, ...
          1.1210865808890361e-005, ...
         -2.5879090265397886e-005, ...
       ];
Hi_R = [ 
         -2.5879090265397886e-005, ...
         -1.1210865808890361e-005, ...
          0.00039843567297594335, ...
          6.2865424814776362e-005, ...
         -0.002579441725933078, ...
         -0.00036647657366011829, ...
          0.010037693717672269, ...
          0.0027537747912240711, ...
         -0.029196217764038187, ...
         -0.0042805204990193782, ...
          0.037433088362853452, ...
          0.057634498351326995, ...
         -0.035318112114979733, ...
         -0.39320152196208885, ...
          0.75997624196109093, ...
         -0.47533576263420663, ...
         -0.058111823317717831, ...
          0.15999741114652205, ...
          0.025898587531046669, ...
         -0.069827616361807551, ...
         -0.0023650488367403851, ...
          0.019439314263626713, ...
          0.0010131419871842082, ...
         -0.0045326774719456481, ...
         -7.3214213567023991e-005, ...
          0.00060576018246643346, ...
          1.9329016965523917e-005, ...
         -4.4618977991475265e-005, ...
       ];
