% Coefficient values taken from:
%   http://wavelets.pybytes.com/

Lo_D = [ 
          9.7124197379633478e-006, ...
         -7.3596667989194696e-006, ...
         -0.00016066186637495343, ...
          5.5122547855586653e-005, ...
          0.0010705672194623959, ...
         -0.00026731644647180568, ...
         -0.0035901654473726417, ...
          0.003423450736351241, ...
          0.010079977087905669, ...
         -0.019405011430934468, ...
         -0.038876716876833493, ...
          0.021937642719753955, ...
          0.040735479696810677, ...
         -0.04108266663538248, ...
          0.11153369514261872, ...
          0.57864041521503451, ...
          0.72184302963618119, ...
          0.2439627054321663, ...
         -0.1966263587662373, ...
         -0.13405629845625389, ...
          0.068393310060480245, ...
          0.067969829044879179, ...
         -0.0087447888864779517, ...
         -0.017171252781638731, ...
          0.0015261382781819983, ...
          0.003481028737064895, ...
         -0.00010815440168545525, ...
         -0.00040216853760293483, ...
          2.1717890150778919e-005, ...
          2.8660708525318081e-005, ...
       ];
Hi_D = [ 
         -2.8660708525318081e-005, ...
          2.1717890150778919e-005, ...
          0.00040216853760293483, ...
         -0.00010815440168545525, ...
         -0.003481028737064895, ...
          0.0015261382781819983, ...
          0.017171252781638731, ...
         -0.0087447888864779517, ...
         -0.067969829044879179, ...
          0.068393310060480245, ...
          0.13405629845625389, ...
         -0.1966263587662373, ...
         -0.2439627054321663, ...
          0.72184302963618119, ...
         -0.57864041521503451, ...
          0.11153369514261872, ...
          0.04108266663538248, ...
          0.040735479696810677, ...
         -0.021937642719753955, ...
         -0.038876716876833493, ...
          0.019405011430934468, ...
          0.010079977087905669, ...
         -0.003423450736351241, ...
         -0.0035901654473726417, ...
          0.00026731644647180568, ...
          0.0010705672194623959, ...
         -5.5122547855586653e-005, ...
         -0.00016066186637495343, ...
          7.3596667989194696e-006, ...
          9.7124197379633478e-006, ...
       ];
Lo_R = [ 
          2.8660708525318081e-005, ...
          2.1717890150778919e-005, ...
         -0.00040216853760293483, ...
         -0.00010815440168545525, ...
          0.003481028737064895, ...
          0.0015261382781819983, ...
         -0.017171252781638731, ...
         -0.0087447888864779517, ...
          0.067969829044879179, ...
          0.068393310060480245, ...
         -0.13405629845625389, ...
         -0.1966263587662373, ...
          0.2439627054321663, ...
          0.72184302963618119, ...
          0.57864041521503451, ...
          0.11153369514261872, ...
         -0.04108266663538248, ...
          0.040735479696810677, ...
          0.021937642719753955, ...
         -0.038876716876833493, ...
         -0.019405011430934468, ...
          0.010079977087905669, ...
          0.003423450736351241, ...
         -0.0035901654473726417, ...
         -0.00026731644647180568, ...
          0.0010705672194623959, ...
          5.5122547855586653e-005, ...
         -0.00016066186637495343, ...
         -7.3596667989194696e-006, ...
          9.7124197379633478e-006, ...
       ];
Hi_R = [ 
          9.7124197379633478e-006, ...
          7.3596667989194696e-006, ...
         -0.00016066186637495343, ...
         -5.5122547855586653e-005, ...
          0.0010705672194623959, ...
          0.00026731644647180568, ...
         -0.0035901654473726417, ...
         -0.003423450736351241, ...
          0.010079977087905669, ...
          0.019405011430934468, ...
         -0.038876716876833493, ...
         -0.021937642719753955, ...
          0.040735479696810677, ...
          0.04108266663538248, ...
          0.11153369514261872, ...
         -0.57864041521503451, ...
          0.72184302963618119, ...
         -0.2439627054321663, ...
         -0.1966263587662373, ...
          0.13405629845625389, ...
          0.068393310060480245, ...
         -0.067969829044879179, ...
         -0.0087447888864779517, ...
          0.017171252781638731, ...
          0.0015261382781819983, ...
         -0.003481028737064895, ...
         -0.00010815440168545525, ...
          0.00040216853760293483, ...
          2.1717890150778919e-005, ...
         -2.8660708525318081e-005, ...
       ];
