% Coefficient values taken from:
%   http://wavelets.pybytes.com/

Lo_D = [ 
          5.4877327682158382e-007, ...
         -6.4636513033459633e-007, ...
         -1.1880518269823984e-005, ...
          8.8733121737292863e-006, ...
          0.0001155392333357879, ...
         -4.6120396002105868e-005, ...
         -0.00063576451500433403, ...
          0.00015915804768084938, ...
          0.0021214250281823303, ...
         -0.0011607032572062486, ...
         -0.005122205002583014, ...
          0.0079684383206133063, ...
          0.015797439295674631, ...
         -0.022651993378245951, ...
         -0.046635983534938946, ...
          0.0070155738571741596, ...
          0.0089545911730436242, ...
         -0.067525058040294086, ...
          0.10902582508127781, ...
          0.57814494533860505, ...
          0.71955552571639425, ...
          0.25826616923728363, ...
         -0.17659686625203097, ...
         -0.11624173010739675, ...
          0.093630843415897141, ...
          0.084072676279245043, ...
         -0.016908234861345205, ...
         -0.027709896931311252, ...
          0.0043193518748949689, ...
          0.0082622369555282547, ...
         -0.00061792232779831076, ...
         -0.0017049602611649971, ...
          0.00012930767650701415, ...
          0.00027621877685734072, ...
         -1.6821387029373716e-005, ...
         -2.8151138661550245e-005, ...
          2.0623170632395688e-006, ...
          1.7509367995348687e-006, ...
       ];
Hi_D = [ 
         -1.7509367995348687e-006, ...
          2.0623170632395688e-006, ...
          2.8151138661550245e-005, ...
         -1.6821387029373716e-005, ...
         -0.00027621877685734072, ...
          0.00012930767650701415, ...
          0.0017049602611649971, ...
         -0.00061792232779831076, ...
         -0.0082622369555282547, ...
          0.0043193518748949689, ...
          0.027709896931311252, ...
         -0.016908234861345205, ...
         -0.084072676279245043, ...
          0.093630843415897141, ...
          0.11624173010739675, ...
         -0.17659686625203097, ...
         -0.25826616923728363, ...
          0.71955552571639425, ...
         -0.57814494533860505, ...
          0.10902582508127781, ...
          0.067525058040294086, ...
          0.0089545911730436242, ...
         -0.0070155738571741596, ...
         -0.046635983534938946, ...
          0.022651993378245951, ...
          0.015797439295674631, ...
         -0.0079684383206133063, ...
         -0.005122205002583014, ...
          0.0011607032572062486, ...
          0.0021214250281823303, ...
         -0.00015915804768084938, ...
         -0.00063576451500433403, ...
          4.6120396002105868e-005, ...
          0.0001155392333357879, ...
         -8.8733121737292863e-006, ...
         -1.1880518269823984e-005, ...
          6.4636513033459633e-007, ...
          5.4877327682158382e-007, ...
       ];
Lo_R = [ 
          1.7509367995348687e-006, ...
          2.0623170632395688e-006, ...
         -2.8151138661550245e-005, ...
         -1.6821387029373716e-005, ...
          0.00027621877685734072, ...
          0.00012930767650701415, ...
         -0.0017049602611649971, ...
         -0.00061792232779831076, ...
          0.0082622369555282547, ...
          0.0043193518748949689, ...
         -0.027709896931311252, ...
         -0.016908234861345205, ...
          0.084072676279245043, ...
          0.093630843415897141, ...
         -0.11624173010739675, ...
         -0.17659686625203097, ...
          0.25826616923728363, ...
          0.71955552571639425, ...
          0.57814494533860505, ...
          0.10902582508127781, ...
         -0.067525058040294086, ...
          0.0089545911730436242, ...
          0.0070155738571741596, ...
         -0.046635983534938946, ...
         -0.022651993378245951, ...
          0.015797439295674631, ...
          0.0079684383206133063, ...
         -0.005122205002583014, ...
         -0.0011607032572062486, ...
          0.0021214250281823303, ...
          0.00015915804768084938, ...
         -0.00063576451500433403, ...
         -4.6120396002105868e-005, ...
          0.0001155392333357879, ...
          8.8733121737292863e-006, ...
         -1.1880518269823984e-005, ...
         -6.4636513033459633e-007, ...
          5.4877327682158382e-007, ...
       ];
Hi_R = [ 
          5.4877327682158382e-007, ...
          6.4636513033459633e-007, ...
         -1.1880518269823984e-005, ...
         -8.8733121737292863e-006, ...
          0.0001155392333357879, ...
          4.6120396002105868e-005, ...
         -0.00063576451500433403, ...
         -0.00015915804768084938, ...
          0.0021214250281823303, ...
          0.0011607032572062486, ...
         -0.005122205002583014, ...
         -0.0079684383206133063, ...
          0.015797439295674631, ...
          0.022651993378245951, ...
         -0.046635983534938946, ...
         -0.0070155738571741596, ...
          0.0089545911730436242, ...
          0.067525058040294086, ...
          0.10902582508127781, ...
         -0.57814494533860505, ...
          0.71955552571639425, ...
         -0.25826616923728363, ...
         -0.17659686625203097, ...
          0.11624173010739675, ...
          0.093630843415897141, ...
         -0.084072676279245043, ...
         -0.016908234861345205, ...
          0.027709896931311252, ...
          0.0043193518748949689, ...
         -0.0082622369555282547, ...
         -0.00061792232779831076, ...
          0.0017049602611649971, ...
          0.00012930767650701415, ...
         -0.00027621877685734072, ...
         -1.6821387029373716e-005, ...
          2.8151138661550245e-005, ...
          2.0623170632395688e-006, ...
         -1.7509367995348687e-006, ...
       ];
