% Coefficient values taken from:
%   http://wavelets.pybytes.com/

Lo_D = [ 
          6.2300067012207606e-006, ...
         -3.1135564076219692e-006, ...
         -0.00010943147929529757, ...
          2.8078582128442894e-005, ...
          0.00085235471080470952, ...
         -0.0001084456223089688, ...
         -0.0038809122526038786, ...
          0.00071821197883178923, ...
          0.012666731659857348, ...
         -0.0031265171722710075, ...
         -0.031051202843553064, ...
          0.0048692744049046071, ...
          0.032333091610663785, ...
         -0.066983049070217779, ...
         -0.034574228416972504, ...
          0.39712293362064416, ...
          0.75652498787569711, ...
          0.47534280601152273, ...
         -0.054040601387606135, ...
         -0.15959219218520598, ...
          0.03072113906330156, ...
          0.078037852903419913, ...
         -0.0035102750683740089, ...
         -0.024952758046290123, ...
          0.001359844742484172, ...
          0.0069377611308027096, ...
         -0.00022211647621176323, ...
         -0.0013387206066921965, ...
          3.656592483348223e-005, ...
          0.00016545679579108483, ...
         -5.3964831793152419e-006, ...
         -1.0797982104319795e-005, ...
       ];
Hi_D = [ 
          1.0797982104319795e-005, ...
         -5.3964831793152419e-006, ...
         -0.00016545679579108483, ...
          3.656592483348223e-005, ...
          0.0013387206066921965, ...
         -0.00022211647621176323, ...
         -0.0069377611308027096, ...
          0.001359844742484172, ...
          0.024952758046290123, ...
         -0.0035102750683740089, ...
         -0.078037852903419913, ...
          0.03072113906330156, ...
          0.15959219218520598, ...
         -0.054040601387606135, ...
         -0.47534280601152273, ...
          0.75652498787569711, ...
         -0.39712293362064416, ...
         -0.034574228416972504, ...
          0.066983049070217779, ...
          0.032333091610663785, ...
         -0.0048692744049046071, ...
         -0.031051202843553064, ...
          0.0031265171722710075, ...
          0.012666731659857348, ...
         -0.00071821197883178923, ...
         -0.0038809122526038786, ...
          0.0001084456223089688, ...
          0.00085235471080470952, ...
         -2.8078582128442894e-005, ...
         -0.00010943147929529757, ...
          3.1135564076219692e-006, ...
          6.2300067012207606e-006, ...
       ];
Lo_R = [ 
         -1.0797982104319795e-005, ...
         -5.3964831793152419e-006, ...
          0.00016545679579108483, ...
          3.656592483348223e-005, ...
         -0.0013387206066921965, ...
         -0.00022211647621176323, ...
          0.0069377611308027096, ...
          0.001359844742484172, ...
         -0.024952758046290123, ...
         -0.0035102750683740089, ...
          0.078037852903419913, ...
          0.03072113906330156, ...
         -0.15959219218520598, ...
         -0.054040601387606135, ...
          0.47534280601152273, ...
          0.75652498787569711, ...
          0.39712293362064416, ...
         -0.034574228416972504, ...
         -0.066983049070217779, ...
          0.032333091610663785, ...
          0.0048692744049046071, ...
         -0.031051202843553064, ...
         -0.0031265171722710075, ...
          0.012666731659857348, ...
          0.00071821197883178923, ...
         -0.0038809122526038786, ...
         -0.0001084456223089688, ...
          0.00085235471080470952, ...
          2.8078582128442894e-005, ...
         -0.00010943147929529757, ...
         -3.1135564076219692e-006, ...
          6.2300067012207606e-006, ...
       ];
Hi_R = [ 
          6.2300067012207606e-006, ...
          3.1135564076219692e-006, ...
         -0.00010943147929529757, ...
         -2.8078582128442894e-005, ...
          0.00085235471080470952, ...
          0.0001084456223089688, ...
         -0.0038809122526038786, ...
         -0.00071821197883178923, ...
          0.012666731659857348, ...
          0.0031265171722710075, ...
         -0.031051202843553064, ...
         -0.0048692744049046071, ...
          0.032333091610663785, ...
          0.066983049070217779, ...
         -0.034574228416972504, ...
         -0.39712293362064416, ...
          0.75652498787569711, ...
         -0.47534280601152273, ...
         -0.054040601387606135, ...
          0.15959219218520598, ...
          0.03072113906330156, ...
         -0.078037852903419913, ...
         -0.0035102750683740089, ...
          0.024952758046290123, ...
          0.001359844742484172, ...
         -0.0069377611308027096, ...
         -0.00022211647621176323, ...
          0.0013387206066921965, ...
          3.656592483348223e-005, ...
         -0.00016545679579108483, ...
         -5.3964831793152419e-006, ...
          1.0797982104319795e-005, ...
       ];
