% Coefficient values taken from:
%   http://wavelets.pybytes.com/

Lo_D = [ 
          3.695537474835221e-007, ...
         -1.9015675890554106e-007, ...
         -7.919361411976999e-006, ...
          3.0256660627369661e-006, ...
          7.992967835772481e-005, ...
         -1.928412300645204e-005, ...
         -0.00049473109156726548, ...
          7.2159911880740349e-005, ...
          0.0020889947081901982, ...
         -0.0003052628317957281, ...
         -0.0066065857990888609, ...
          0.0014230873594621453, ...
          0.017004049023390339, ...
         -0.0033138573836233591, ...
         -0.031629437144957966, ...
          0.0081232283560096815, ...
          0.025579349509413946, ...
         -0.078994344928398158, ...
         -0.029819368880333728, ...
          0.40583144434845059, ...
          0.75116272842273002, ...
          0.47199147510148703, ...
         -0.051088342921067398, ...
         -0.16057829841525254, ...
          0.036250951653933078, ...
          0.088919668028199561, ...
         -0.0068437019650692274, ...
         -0.035373336756604236, ...
          0.0019385970672402002, ...
          0.012157040948785737, ...
         -0.0006111263857992088, ...
         -0.0034716478028440734, ...
          0.00012544091723067259, ...
          0.00074761085978205719, ...
         -2.6615550335516086e-005, ...
         -0.00011739133516291466, ...
          4.5254222091516362e-006, ...
          1.22872527779612e-005, ...
         -3.2567026420174407e-007, ...
         -6.3291290447763946e-007, ...
       ];
Hi_D = [ 
          6.3291290447763946e-007, ...
         -3.2567026420174407e-007, ...
         -1.22872527779612e-005, ...
          4.5254222091516362e-006, ...
          0.00011739133516291466, ...
         -2.6615550335516086e-005, ...
         -0.00074761085978205719, ...
          0.00012544091723067259, ...
          0.0034716478028440734, ...
         -0.0006111263857992088, ...
         -0.012157040948785737, ...
          0.0019385970672402002, ...
          0.035373336756604236, ...
         -0.0068437019650692274, ...
         -0.088919668028199561, ...
          0.036250951653933078, ...
          0.16057829841525254, ...
         -0.051088342921067398, ...
         -0.47199147510148703, ...
          0.75116272842273002, ...
         -0.40583144434845059, ...
         -0.029819368880333728, ...
          0.078994344928398158, ...
          0.025579349509413946, ...
         -0.0081232283560096815, ...
         -0.031629437144957966, ...
          0.0033138573836233591, ...
          0.017004049023390339, ...
         -0.0014230873594621453, ...
         -0.0066065857990888609, ...
          0.0003052628317957281, ...
          0.0020889947081901982, ...
         -7.2159911880740349e-005, ...
         -0.00049473109156726548, ...
          1.928412300645204e-005, ...
          7.992967835772481e-005, ...
         -3.0256660627369661e-006, ...
         -7.919361411976999e-006, ...
          1.9015675890554106e-007, ...
          3.695537474835221e-007, ...
       ];
Lo_R = [ 
         -6.3291290447763946e-007, ...
         -3.2567026420174407e-007, ...
          1.22872527779612e-005, ...
          4.5254222091516362e-006, ...
         -0.00011739133516291466, ...
         -2.6615550335516086e-005, ...
          0.00074761085978205719, ...
          0.00012544091723067259, ...
         -0.0034716478028440734, ...
         -0.0006111263857992088, ...
          0.012157040948785737, ...
          0.0019385970672402002, ...
         -0.035373336756604236, ...
         -0.0068437019650692274, ...
          0.088919668028199561, ...
          0.036250951653933078, ...
         -0.16057829841525254, ...
         -0.051088342921067398, ...
          0.47199147510148703, ...
          0.75116272842273002, ...
          0.40583144434845059, ...
         -0.029819368880333728, ...
         -0.078994344928398158, ...
          0.025579349509413946, ...
          0.0081232283560096815, ...
         -0.031629437144957966, ...
         -0.0033138573836233591, ...
          0.017004049023390339, ...
          0.0014230873594621453, ...
         -0.0066065857990888609, ...
         -0.0003052628317957281, ...
          0.0020889947081901982, ...
          7.2159911880740349e-005, ...
         -0.00049473109156726548, ...
         -1.928412300645204e-005, ...
          7.992967835772481e-005, ...
          3.0256660627369661e-006, ...
         -7.919361411976999e-006, ...
         -1.9015675890554106e-007, ...
          3.695537474835221e-007, ...
       ];
Hi_R = [ 
          3.695537474835221e-007, ...
          1.9015675890554106e-007, ...
         -7.919361411976999e-006, ...
         -3.0256660627369661e-006, ...
          7.992967835772481e-005, ...
          1.928412300645204e-005, ...
         -0.00049473109156726548, ...
         -7.2159911880740349e-005, ...
          0.0020889947081901982, ...
          0.0003052628317957281, ...
         -0.0066065857990888609, ...
         -0.0014230873594621453, ...
          0.017004049023390339, ...
          0.0033138573836233591, ...
         -0.031629437144957966, ...
         -0.0081232283560096815, ...
          0.025579349509413946, ...
          0.078994344928398158, ...
         -0.029819368880333728, ...
         -0.40583144434845059, ...
          0.75116272842273002, ...
         -0.47199147510148703, ...
         -0.051088342921067398, ...
          0.16057829841525254, ...
          0.036250951653933078, ...
         -0.088919668028199561, ...
         -0.0068437019650692274, ...
          0.035373336756604236, ...
          0.0019385970672402002, ...
         -0.012157040948785737, ...
         -0.0006111263857992088, ...
          0.0034716478028440734, ...
          0.00012544091723067259, ...
         -0.00074761085978205719, ...
         -2.6615550335516086e-005, ...
          0.00011739133516291466, ...
          4.5254222091516362e-006, ...
         -1.22872527779612e-005, ...
         -3.2567026420174407e-007, ...
          6.3291290447763946e-007, ...
       ];
