% Coefficient values taken from:
%   http://wavelets.pybytes.com/

Lo_D = [ 
         -0.075765714789273325, ...
         -0.02963552764599851, ...
          0.49761866763201545, ...
          0.80373875180591614, ...
          0.29785779560527736, ...
         -0.099219543576847216, ...
         -0.012603967262037833, ...
          0.032223100604042702, ...
       ];
Hi_D = [ 
         -0.032223100604042702, ...
         -0.012603967262037833, ...
          0.099219543576847216, ...
          0.29785779560527736, ...
         -0.80373875180591614, ...
          0.49761866763201545, ...
          0.02963552764599851, ...
         -0.075765714789273325, ...
       ];
Lo_R = [ 
          0.032223100604042702, ...
         -0.012603967262037833, ...
         -0.099219543576847216, ...
          0.29785779560527736, ...
          0.80373875180591614, ...
          0.49761866763201545, ...
         -0.02963552764599851, ...
         -0.075765714789273325, ...
       ];
Hi_R = [ 
         -0.075765714789273325, ...
          0.02963552764599851, ...
          0.49761866763201545, ...
         -0.80373875180591614, ...
          0.29785779560527736, ...
          0.099219543576847216, ...
         -0.012603967262037833, ...
         -0.032223100604042702, ...
       ];
