% Coefficient values taken from:
%   http://wavelets.pybytes.com/

Lo_D = [ 
          0.027333068345077982, ...
          0.029519490925774643, ...
         -0.039134249302383094, ...
          0.1993975339773936, ...
          0.72340769040242059, ...
          0.63397896345821192, ...
          0.016602105764522319, ...
         -0.17532808990845047, ...
         -0.021101834024758855, ...
          0.019538882735286728, ...
       ];
Hi_D = [ 
         -0.019538882735286728, ...
         -0.021101834024758855, ...
          0.17532808990845047, ...
          0.016602105764522319, ...
         -0.63397896345821192, ...
          0.72340769040242059, ...
         -0.1993975339773936, ...
         -0.039134249302383094, ...
         -0.029519490925774643, ...
          0.027333068345077982, ...
       ];
Lo_R = [ 
          0.019538882735286728, ...
         -0.021101834024758855, ...
         -0.17532808990845047, ...
          0.016602105764522319, ...
          0.63397896345821192, ...
          0.72340769040242059, ...
          0.1993975339773936, ...
         -0.039134249302383094, ...
          0.029519490925774643, ...
          0.027333068345077982, ...
       ];
Hi_R = [ 
          0.027333068345077982, ...
         -0.029519490925774643, ...
         -0.039134249302383094, ...
         -0.1993975339773936, ...
          0.72340769040242059, ...
         -0.63397896345821192, ...
          0.016602105764522319, ...
          0.17532808990845047, ...
         -0.021101834024758855, ...
         -0.019538882735286728, ...
       ];
