% Coefficient values taken from:
%   http://wavelets.pybytes.com/

Lo_D = [ 
          0.015404109327027373, ...
          0.0034907120842174702, ...
         -0.11799011114819057, ...
         -0.048311742585632998, ...
          0.49105594192674662, ...
          0.787641141030194, ...
          0.3379294217276218, ...
         -0.072637522786462516, ...
         -0.021060292512300564, ...
          0.044724901770665779, ...
          0.0017677118642428036, ...
         -0.007800708325034148, ...
       ];
Hi_D = [ 
          0.007800708325034148, ...
          0.0017677118642428036, ...
         -0.044724901770665779, ...
         -0.021060292512300564, ...
          0.072637522786462516, ...
          0.3379294217276218, ...
         -0.787641141030194, ...
          0.49105594192674662, ...
          0.048311742585632998, ...
         -0.11799011114819057, ...
         -0.0034907120842174702, ...
          0.015404109327027373, ...
       ];
Lo_R = [ 
         -0.007800708325034148, ...
          0.0017677118642428036, ...
          0.044724901770665779, ...
         -0.021060292512300564, ...
         -0.072637522786462516, ...
          0.3379294217276218, ...
          0.787641141030194, ...
          0.49105594192674662, ...
         -0.048311742585632998, ...
         -0.11799011114819057, ...
          0.0034907120842174702, ...
          0.015404109327027373, ...
       ];
Hi_R = [ 
          0.015404109327027373, ...
         -0.0034907120842174702, ...
         -0.11799011114819057, ...
          0.048311742585632998, ...
          0.49105594192674662, ...
         -0.787641141030194, ...
          0.3379294217276218, ...
          0.072637522786462516, ...
         -0.021060292512300564, ...
         -0.044724901770665779, ...
          0.0017677118642428036, ...
          0.007800708325034148, ...
       ];
