% Coefficient values taken from:
%   http://wavelets.pybytes.com/

Lo_D = [ 
          0.0026818145682578781, ...
         -0.0010473848886829163, ...
         -0.01263630340325193, ...
          0.03051551316596357, ...
          0.067892693501372697, ...
         -0.049552834937127255, ...
          0.017441255086855827, ...
          0.5361019170917628, ...
          0.76776431700316405, ...
          0.28862963175151463, ...
         -0.14004724044296152, ...
         -0.10780823770381774, ...
          0.0040102448715336634, ...
          0.010268176708511255, ...
       ];
Hi_D = [ 
         -0.010268176708511255, ...
          0.0040102448715336634, ...
          0.10780823770381774, ...
         -0.14004724044296152, ...
         -0.28862963175151463, ...
          0.76776431700316405, ...
         -0.5361019170917628, ...
          0.017441255086855827, ...
          0.049552834937127255, ...
          0.067892693501372697, ...
         -0.03051551316596357, ...
         -0.01263630340325193, ...
          0.0010473848886829163, ...
          0.0026818145682578781, ...
       ];
Lo_R = [ 
          0.010268176708511255, ...
          0.0040102448715336634, ...
         -0.10780823770381774, ...
         -0.14004724044296152, ...
          0.28862963175151463, ...
          0.76776431700316405, ...
          0.5361019170917628, ...
          0.017441255086855827, ...
         -0.049552834937127255, ...
          0.067892693501372697, ...
          0.03051551316596357, ...
         -0.01263630340325193, ...
         -0.0010473848886829163, ...
          0.0026818145682578781, ...
       ];
Hi_R = [ 
          0.0026818145682578781, ...
          0.0010473848886829163, ...
         -0.01263630340325193, ...
         -0.03051551316596357, ...
          0.067892693501372697, ...
          0.049552834937127255, ...
          0.017441255086855827, ...
         -0.5361019170917628, ...
          0.76776431700316405, ...
         -0.28862963175151463, ...
         -0.14004724044296152, ...
          0.10780823770381774, ...
          0.0040102448715336634, ...
         -0.010268176708511255, ...
       ];
