% Coefficient values taken from:
%   http://wavelets.pybytes.com/

Lo_D = [ 
         -0.0033824159510061256, ...
         -0.00054213233179114812, ...
          0.031695087811492981, ...
          0.0076074873249176054, ...
         -0.14329423835080971, ...
         -0.061273359067658524, ...
          0.48135965125837221, ...
          0.77718575170052351, ...
          0.3644418948353314, ...
         -0.051945838107709037, ...
         -0.027219029917056003, ...
          0.049137179673607506, ...
          0.0038087520138906151, ...
         -0.014952258337048231, ...
         -0.0003029205147213668, ...
          0.0018899503327594609, ...
       ];
Hi_D = [ 
         -0.0018899503327594609, ...
         -0.0003029205147213668, ...
          0.014952258337048231, ...
          0.0038087520138906151, ...
         -0.049137179673607506, ...
         -0.027219029917056003, ...
          0.051945838107709037, ...
          0.3644418948353314, ...
         -0.77718575170052351, ...
          0.48135965125837221, ...
          0.061273359067658524, ...
         -0.14329423835080971, ...
         -0.0076074873249176054, ...
          0.031695087811492981, ...
          0.00054213233179114812, ...
         -0.0033824159510061256, ...
       ];
Lo_R = [ 
          0.0018899503327594609, ...
         -0.0003029205147213668, ...
         -0.014952258337048231, ...
          0.0038087520138906151, ...
          0.049137179673607506, ...
         -0.027219029917056003, ...
         -0.051945838107709037, ...
          0.3644418948353314, ...
          0.77718575170052351, ...
          0.48135965125837221, ...
         -0.061273359067658524, ...
         -0.14329423835080971, ...
          0.0076074873249176054, ...
          0.031695087811492981, ...
         -0.00054213233179114812, ...
         -0.0033824159510061256, ...
       ];
Hi_R = [ 
         -0.0033824159510061256, ...
          0.00054213233179114812, ...
          0.031695087811492981, ...
         -0.0076074873249176054, ...
         -0.14329423835080971, ...
          0.061273359067658524, ...
          0.48135965125837221, ...
         -0.77718575170052351, ...
          0.3644418948353314, ...
          0.051945838107709037, ...
         -0.027219029917056003, ...
         -0.049137179673607506, ...
          0.0038087520138906151, ...
          0.014952258337048231, ...
         -0.0003029205147213668, ...
         -0.0018899503327594609, ...
       ];
