% Coefficient values taken from:
%   http://wavelets.pybytes.com/

Lo_D = [ 
          0.0014009155259146807, ...
          0.00061978088898558676, ...
         -0.013271967781817119, ...
         -0.01152821020767923, ...
          0.03022487885827568, ...
          0.00058346274612580684, ...
         -0.054568958430834071, ...
          0.238760914607303, ...
          0.717897082764412, ...
          0.61733844914093583, ...
          0.035272488035271894, ...
         -0.19155083129728512, ...
         -0.018233770779395985, ...
          0.06207778930288603, ...
          0.0088592674934004842, ...
         -0.010264064027633142, ...
         -0.00047315449868008311, ...
          0.0010694900329086053, ...
       ];
Hi_D = [ 
         -0.0010694900329086053, ...
         -0.00047315449868008311, ...
          0.010264064027633142, ...
          0.0088592674934004842, ...
         -0.06207778930288603, ...
         -0.018233770779395985, ...
          0.19155083129728512, ...
          0.035272488035271894, ...
         -0.61733844914093583, ...
          0.717897082764412, ...
         -0.238760914607303, ...
         -0.054568958430834071, ...
         -0.00058346274612580684, ...
          0.03022487885827568, ...
          0.01152821020767923, ...
         -0.013271967781817119, ...
         -0.00061978088898558676, ...
          0.0014009155259146807, ...
       ];
Lo_R = [ 
          0.0010694900329086053, ...
         -0.00047315449868008311, ...
         -0.010264064027633142, ...
          0.0088592674934004842, ...
          0.06207778930288603, ...
         -0.018233770779395985, ...
         -0.19155083129728512, ...
          0.035272488035271894, ...
          0.61733844914093583, ...
          0.717897082764412, ...
          0.238760914607303, ...
         -0.054568958430834071, ...
          0.00058346274612580684, ...
          0.03022487885827568, ...
         -0.01152821020767923, ...
         -0.013271967781817119, ...
          0.00061978088898558676, ...
          0.0014009155259146807, ...
       ];
Hi_R = [ 
          0.0014009155259146807, ...
         -0.00061978088898558676, ...
         -0.013271967781817119, ...
          0.01152821020767923, ...
          0.03022487885827568, ...
         -0.00058346274612580684, ...
         -0.054568958430834071, ...
         -0.238760914607303, ...
          0.717897082764412, ...
         -0.61733844914093583, ...
          0.035272488035271894, ...
          0.19155083129728512, ...
         -0.018233770779395985, ...
         -0.06207778930288603, ...
          0.0088592674934004842, ...
          0.010264064027633142, ...
         -0.00047315449868008311, ...
         -0.0010694900329086053, ...
       ];
